300.00 0.089940
305.00 0.093210
310.00 0.097240
315.00 0.101360
320.00 0.105130
325.00 0.107570
330.00 0.109810
335.00 0.111100
340.00 0.112630
345.00 0.113590
350.00 0.114910
355.00 0.115810
360.00 0.116260
365.00 0.116710
370.00 0.117110
375.00 0.117410
380.00 0.117640
385.00 0.117890
390.00 0.119930
395.00 0.120460
400.00 0.120890
405.00 0.121120
410.00 0.121480
415.00 0.121680
420.00 0.122070
425.00 0.122240
430.00 0.122570
435.00 0.122570
440.00 0.122600
445.00 0.122510
450.00 0.122920
455.00 0.122780
460.00 0.123120
465.00 0.123770
470.00 0.123480
475.00 0.123030
480.00 0.123730
485.00 0.124110
490.00 0.124570
495.00 0.124510
500.00 0.124200
505.00 0.123710
510.00 0.123750
515.00 0.124290
520.00 0.124600
525.00 0.124430
530.00 0.124850
535.00 0.125480
540.00 0.125230
545.00 0.125720
550.00 0.125780
555.00 0.126410
560.00 0.127470
565.00 0.128660
570.00 0.129870
575.00 0.130500
580.00 0.131920
585.00 0.133100
590.00 0.133990
595.00 0.134540
600.00 0.135230
605.00 0.135560
610.00 0.135800
615.00 0.136510
620.00 0.136210
625.00 0.135940
630.00 0.136190
635.00 0.136330
640.00 0.136590
645.00 0.136670
650.00 0.136440
655.00 0.136490
660.00 0.136390
665.00 0.136420
670.00 0.136640
675.00 0.136710
680.00 0.136910
685.00 0.137050
690.00 0.137530
695.00 0.138260
700.00 0.138330
705.00 0.138860
710.00 0.138940
715.00 0.139540
720.00 0.139710
725.00 0.139780
730.00 0.140460
735.00 0.140550
740.00 0.140880
745.00 0.140680
750.00 0.140580
755.00 0.140770
760.00 0.140830
765.00 0.140680
770.00 0.140270
775.00 0.140410
780.00 0.140140
785.00 0.139820
790.00 0.139500
795.00 0.139060
800.00 0.138540
805.00 0.138130
810.00 0.137680
815.00 0.137260
820.00 0.137100
825.00 0.136680
830.00 0.136250
835.00 0.135780
840.00 0.134980
845.00 0.134360
850.00 0.133740
855.00 0.133680
860.00 0.133150
865.00 0.132500
870.00 0.131920
875.00 0.131180
880.00 0.130420
885.00 0.129540
890.00 0.128870
895.00 0.128060
900.00 0.127720
905.00 0.127030
910.00 0.126440
915.00 0.125790
920.00 0.125310
925.00 0.124790
930.00 0.123970
935.00 0.123390
940.00 0.122740
945.00 0.121980
950.00 0.120990
955.00 0.120230
960.00 0.119080
965.00 0.118810
970.00 0.117670
975.00 0.116760
980.00 0.116180
985.00 0.115950
990.00 0.115250
995.00 0.114670
1000.00 0.114010
1005.00 0.114160
1010.00 0.113820
1015.00 0.113330
1020.00 0.113290
1025.00 0.113100
1030.00 0.113200
1035.00 0.113020
1040.00 0.113000
1045.00 0.113110
1050.00 0.113340
1055.00 0.113420
1060.00 0.113390
1065.00 0.113780
1070.00 0.114270
1075.00 0.114540
1080.00 0.114990
1085.00 0.115200
1090.00 0.115710
1095.00 0.116330
1100.00 0.116910
1105.00 0.117270
1110.00 0.117960
1115.00 0.118000
1120.00 0.119030
1125.00 0.119760
1130.00 0.120170
1135.00 0.120310
1140.00 0.120940
1145.00 0.121570
1150.00 0.121890
1155.00 0.122270
1160.00 0.122870
1165.00 0.123000
1170.00 0.123540
1175.00 0.123710
1180.00 0.123780
1185.00 0.124090
1190.00 0.124400
1195.00 0.124490
1200.00 0.124290
1205.00 0.124180
1210.00 0.124310
1215.00 0.124220
1220.00 0.124530
1225.00 0.124500
1230.00 0.124110
1235.00 0.124470
1240.00 0.124680
1245.00 0.124760
1250.00 0.125170
1255.00 0.125070
1260.00 0.125140
1265.00 0.125240
1270.00 0.125360
1275.00 0.125480
1280.00 0.125700
1285.00 0.125900
1290.00 0.125860
1295.00 0.126240
1300.00 0.126100
1305.00 0.126520
1310.00 0.126600
1315.00 0.126780
1320.00 0.127420
1325.00 0.127280
1330.00 0.127700
1335.00 0.128120
1340.00 0.128330
1345.00 0.128340
1350.00 0.128400
1355.00 0.128410
1360.00 0.128270
1365.00 0.128840
1370.00 0.129090
1375.00 0.129420
1380.00 0.129810
1385.00 0.130240
1390.00 0.130560
1395.00 0.130960
1400.00 0.131000
1405.00 0.131620
1410.00 0.132220
1415.00 0.132580
1420.00 0.133230
1425.00 0.133780
1430.00 0.134080
1435.00 0.134030
1440.00 0.134770
1445.00 0.135350
1450.00 0.135810
1455.00 0.135760
1460.00 0.136290
1465.00 0.136980
1470.00 0.137230
1475.00 0.137860
1480.00 0.138170
1485.00 0.138660
1490.00 0.138900
1495.00 0.139310
1500.00 0.139870
1505.00 0.140080
1510.00 0.140710
1515.00 0.140790
1520.00 0.140990
1525.00 0.141390
1530.00 0.141800
1535.00 0.142100
1540.00 0.142580
1545.00 0.143020
1550.00 0.143280
1555.00 0.143410
1560.00 0.144100
1565.00 0.144040
1570.00 0.144280
1575.00 0.144290
1580.00 0.144650
1585.00 0.144760
1590.00 0.144890
1595.00 0.145010
1600.00 0.145580
1605.00 0.145670
1610.00 0.146050
1615.00 0.146070
1620.00 0.146090
1625.00 0.146150
1630.00 0.146070
1635.00 0.146430
1640.00 0.146330
1645.00 0.146080
1650.00 0.146670
1655.00 0.146720
1660.00 0.146720
1665.00 0.147040
1670.00 0.147080
1675.00 0.147130
1680.00 0.147340
1685.00 0.147480
1690.00 0.147410
1695.00 0.147390
1700.00 0.147250
1705.00 0.147420
1710.00 0.147530
1715.00 0.147540
1720.00 0.147140
1725.00 0.147200
1730.00 0.147210
1735.00 0.147090
1740.00 0.147130
1745.00 0.146510
1750.00 0.146760
1755.00 0.146710
1760.00 0.146720
1765.00 0.146070
1770.00 0.146140
1775.00 0.146170
1780.00 0.145990
1785.00 0.145760
1790.00 0.145830
1795.00 0.145340
1800.00 0.144890
1805.00 0.144740
1810.00 0.144390
1815.00 0.144170
1820.00 0.143540
1825.00 0.143460
1830.00 0.143310
1835.00 0.142710
1840.00 0.142500
1845.00 0.142220
1850.00 0.142280
1855.00 0.142080
1860.00 0.141260
1865.00 0.141110
1870.00 0.140980
1875.00 0.140750
1880.00 0.140320
1885.00 0.140420
1890.00 0.139480
1895.00 0.138700
1900.00 0.136800
1905.00 0.136460
1910.00 0.136650
1915.00 0.136330
1920.00 0.136270
1925.00 0.137210
1930.00 0.136600
1935.00 0.136800
1940.00 0.136670
1945.00 0.136730
1950.00 0.136040
1955.00 0.136090
1960.00 0.135770
1965.00 0.135630
1970.00 0.135650
1975.00 0.135450
1980.00 0.135150
1985.00 0.134830
1990.00 0.135120
1995.00 0.134780
2000.00 0.134170
2005.00 0.134290
2010.00 0.134220
2015.00 0.134040
2020.00 0.133620
2025.00 0.133640
2030.00 0.133340
2035.00 0.132730
2040.00 0.132890
2045.00 0.132370
2050.00 0.132180
2055.00 0.131870
2060.00 0.131500
2065.00 0.131240
2070.00 0.131430
2075.00 0.130960
2080.00 0.130550
2085.00 0.130690
2090.00 0.129970
2095.00 0.129830
2100.00 0.129630
2105.00 0.129310
2110.00 0.129400
2115.00 0.129190
2120.00 0.128720
2125.00 0.128690
2130.00 0.128370
2135.00 0.128050
2140.00 0.127820
2145.00 0.127830
2150.00 0.127540
2155.00 0.127380
2160.00 0.127240
2165.00 0.126840
2170.00 0.126840
2175.00 0.126800
2180.00 0.126280
2185.00 0.126000
2190.00 0.125930
2195.00 0.125730
2200.00 0.124910
2205.00 0.124850
2210.00 0.125060
2215.00 0.124940
2220.00 0.124950
2225.00 0.125050
2230.00 0.124470
2235.00 0.124480
2240.00 0.124370
2245.00 0.124190
2250.00 0.124360
2255.00 0.124350
2260.00 0.124170
2265.00 0.124030
2270.00 0.124200
2275.00 0.123890
2280.00 0.123530
2285.00 0.123430
2290.00 0.123660
2295.00 0.123550
2300.00 0.123130
2305.00 0.123470
2310.00 0.123010
2315.00 0.123010
2320.00 0.123030
2325.00 0.122650
2330.00 0.122930
2335.00 0.122910
2340.00 0.122670
2345.00 0.122740
2350.00 0.122340
2355.00 0.122950
2360.00 0.122650
2365.00 0.122690
2370.00 0.122770
2375.00 0.122630
2380.00 0.122620
2385.00 0.122930
2390.00 0.122930
2395.00 0.122870
2400.00 0.123360
2405.00 0.123140
2410.00 0.123050
2415.00 0.123270
2420.00 0.123790
2425.00 0.123660
2430.00 0.124050
2435.00 0.124160
2440.00 0.124320
2445.00 0.124120
2450.00 0.124360
2455.00 0.124310
2460.00 0.124780
2465.00 0.124520
2470.00 0.124580
2475.00 0.124990
2480.00 0.124880
2485.00 0.124620
2490.00 0.125430
2495.00 0.125280
2500.00 0.124980
2505.00 0.124860
2510.00 0.125110
2515.00 0.124830
2520.00 0.125410
2525.00 0.125040
2530.00 0.125130
2535.00 0.124940
2540.00 0.124820
2545.00 0.125520
2550.00 0.124680
2555.00 0.125000
2560.00 0.124940
2565.00 0.124830
2570.00 0.124250
2575.00 0.124640
2580.00 0.124220
2585.00 0.123840
2590.00 0.124180
2595.00 0.124260
2600.00 0.124220
2601.80 0.124220
2603.10 0.124234
2604.40 0.124206
2605.70 0.124234
2607.10 0.124389
2608.40 0.124473
2609.70 0.124488
2611.00 0.124544
2612.30 0.124572
2613.60 0.124572
2614.90 0.124600
2616.30 0.124544
2617.60 0.124657
2618.90 0.124755
2620.20 0.124642
2621.60 0.124769
2622.90 0.124882
2624.20 0.124882
2625.50 0.124854
2626.90 0.124755
2628.20 0.124854
2629.50 0.124783
2630.90 0.124755
2632.20 0.124952
2633.50 0.124896
2634.90 0.124868
2636.20 0.124938
2637.60 0.125009
2638.90 0.124995
2640.20 0.124938
2641.60 0.124896
2642.90 0.124924
2644.30 0.124924
2645.60 0.124840
2647.00 0.124840
2648.30 0.124826
2649.70 0.124797
2651.00 0.124755
2652.40 0.124657
2653.80 0.124671
2655.10 0.124628
2656.50 0.124642
2657.80 0.124614
2659.20 0.124445
2660.60 0.124333
2661.90 0.124304
2663.30 0.124220
2664.70 0.123938
2666.00 0.123685
2667.40 0.123544
2668.80 0.123319
2670.10 0.122685
2671.50 0.122220
2672.90 0.122023
2674.30 0.121671
2675.60 0.121319
2677.00 0.121066
2678.40 0.120882
2679.80 0.120545
2681.20 0.120192
2682.60 0.119714
2684.00 0.119179
2685.40 0.118629
2686.80 0.118010
2688.10 0.117235
2689.50 0.116418
2690.90 0.115503
2692.30 0.114405
2693.70 0.113010
2695.10 0.111574
2696.50 0.110095
2697.90 0.108546
2699.30 0.106828
2700.70 0.105068
2702.10 0.103308
2703.60 0.101759
2705.00 0.100505
2706.40 0.099449
2707.80 0.098449
2709.20 0.097604
2710.60 0.096872
2712.00 0.096309
2713.50 0.095717
2714.90 0.095070
2716.30 0.094366
2717.70 0.093675
2719.10 0.092929
2720.60 0.092070
2722.00 0.091422
2723.40 0.090817
2724.90 0.090028
2726.30 0.089409
2727.70 0.088902
2729.20 0.088381
2730.60 0.087761
2732.00 0.087184
2733.50 0.086662
2734.90 0.086240
2736.40 0.085832
2737.80 0.085339
2739.30 0.084818
2740.70 0.084409
2742.20 0.084043
2743.60 0.083776
2745.10 0.083522
2746.50 0.083226
2748.00 0.082874
2749.40 0.082508
2750.90 0.082212
2752.30 0.082029
2753.80 0.081706
2755.30 0.081368
2756.70 0.081339
2758.20 0.081396
2759.70 0.081396
2761.10 0.081396
2762.60 0.081424
2764.10 0.081621
2765.60 0.081762
2767.00 0.081860
2768.50 0.081945
2770.00 0.082001
2771.50 0.082072
2772.90 0.082170
2774.40 0.082241
2775.90 0.082283
2777.40 0.082269
2778.90 0.082198
2780.40 0.082170
2781.90 0.082184
2783.40 0.082170
2784.90 0.082156
2786.40 0.082100
2787.90 0.082086
2789.40 0.082100
2790.90 0.082086
2792.40 0.082072
2793.90 0.082086
2795.40 0.082072
2796.90 0.082072
2798.40 0.082114
2799.90 0.082198
2801.40 0.082156
2802.90 0.082072
2804.40 0.082044
2806.00 0.082029
2807.50 0.082029
2809.00 0.082029
2810.50 0.082015
2812.10 0.082015
2813.60 0.081973
2815.10 0.081903
2816.60 0.081903
2818.20 0.081931
2819.70 0.081945
2821.20 0.081945
2822.80 0.081945
2824.30 0.081931
2825.80 0.081931
2827.40 0.081959
2828.90 0.081973
2830.50 0.081973
2832.00 0.081987
2833.60 0.081945
2835.10 0.081945
2836.70 0.081931
2838.20 0.081875
2839.80 0.081875
2841.30 0.081959
2842.90 0.082001
2844.40 0.081973
2846.00 0.081959
2847.60 0.081987
2849.10 0.081987
2850.70 0.081959
2852.30 0.081931
2853.80 0.081945
2855.40 0.081931
2857.00 0.081875
2858.60 0.081889
2860.10 0.081973
2861.70 0.081973
2863.30 0.081917
2864.90 0.081959
2866.40 0.082001
2868.00 0.081959
2869.60 0.081931
2871.20 0.081931
2872.80 0.081931
2874.40 0.081959
2876.00 0.082001
2877.60 0.081987
2879.20 0.081987
2880.80 0.082001
2882.40 0.082001
2884.00 0.082001
2885.60 0.082044
2887.20 0.082058
2888.80 0.082029
2890.40 0.082015
2892.00 0.082044
2893.60 0.082086
2895.30 0.082058
2896.90 0.082072
2898.50 0.082072
2900.10 0.082015
2901.70 0.082044
2903.40 0.082044
2905.00 0.082100
2906.60 0.082156
2908.30 0.082156
2909.90 0.082156
2911.50 0.082156
2913.10 0.082156
2914.80 0.082184
2916.40 0.082212
2918.10 0.082255
2919.70 0.082297
2921.40 0.082339
2923.00 0.082410
2924.70 0.082452
2926.30 0.082480
2928.00 0.082466
2929.60 0.082522
2931.30 0.082536
2932.90 0.082550
2934.60 0.082593
2936.30 0.082649
2937.90 0.082734
2939.60 0.082734
2941.20 0.082762
2942.90 0.082832
2944.60 0.082860
2946.30 0.082917
2947.90 0.083001
2949.60 0.083057
2951.30 0.083043
2953.00 0.083072
2954.60 0.083156
2956.30 0.083184
2958.00 0.083212
2959.70 0.083255
2961.40 0.083353
2963.10 0.083452
2964.80 0.083522
2966.50 0.083550
2968.20 0.083578
2969.90 0.083607
2971.60 0.083649
2973.30 0.083733
2975.00 0.083818
2976.70 0.083888
2978.40 0.083973
2980.10 0.084071
2981.80 0.084198
2983.60 0.084240
2985.30 0.084283
2987.00 0.084325
2988.70 0.084423
2990.40 0.084536
2992.20 0.084621
2993.90 0.084677
2995.60 0.084775
2997.40 0.084874
2999.10 0.084916
3000.80 0.084888
3002.60 0.084973
3004.30 0.085099
3006.00 0.085184
3007.80 0.085268
3009.50 0.085339
3011.30 0.085451
3013.00 0.085480
3014.80 0.085578
3016.50 0.085691
3018.30 0.085747
3020.00 0.085775
3021.80 0.085832
3023.60 0.085902
3025.30 0.085902
3027.10 0.086001
3028.90 0.086127
3030.60 0.086212
3032.40 0.086198
3034.20 0.086226
3036.00 0.086296
3037.70 0.086381
3039.50 0.086423
3041.30 0.086479
3043.10 0.086564
3044.90 0.086592
3046.70 0.086620
3048.40 0.086691
3050.20 0.086761
3052.00 0.086775
3053.80 0.086789
3055.60 0.086803
3057.40 0.086944
3059.20 0.087043
3061.10 0.087057
3062.90 0.087113
3064.70 0.087169
3066.50 0.087212
3068.30 0.087268
3070.10 0.087310
3071.90 0.087353
3073.80 0.087423
3075.60 0.087409
3077.40 0.087451
3079.20 0.087550
3081.10 0.087648
3082.90 0.087733
3084.70 0.087859
3086.60 0.087944
3088.40 0.087958
3090.20 0.088000
3092.10 0.088057
3093.90 0.088141
3095.80 0.088212
3097.60 0.088268
3099.50 0.088366
3101.30 0.088479
3103.20 0.088592
3105.00 0.088704
3106.90 0.088817
3108.80 0.088888
3110.60 0.088916
3112.50 0.089000
3114.40 0.089155
3116.20 0.089296
3118.10 0.089394
3120.00 0.089437
3121.90 0.089592
3123.70 0.089747
3125.60 0.089873
3127.50 0.089944
3129.40 0.090042
3131.30 0.090211
3133.20 0.090338
3135.10 0.090437
3137.00 0.090535
3138.90 0.090648
3140.80 0.090746
3142.70 0.090817
3144.60 0.090958
3146.50 0.091141
3148.40 0.091296
3150.30 0.091352
3152.20 0.091436
3154.10 0.091507
3156.10 0.091605
3158.00 0.091760
3159.90 0.091915
3161.80 0.091972
3163.80 0.092042
3165.70 0.092197
3167.60 0.092310
3169.60 0.092493
3171.50 0.092633
3173.40 0.092760
3175.40 0.092943
3177.30 0.093056
3179.30 0.093070
3181.20 0.093197
3183.20 0.093422
3185.10 0.093549
3187.10 0.093647
3189.10 0.093774
3191.00 0.093915
3193.00 0.093957
3194.90 0.093999
3196.90 0.094140
3198.90 0.094309
3200.90 0.094394
3202.90 0.094464
3204.80 0.094661
3206.80 0.094872
3208.80 0.094915
3210.80 0.094971
3212.80 0.095098
3214.80 0.095295
3216.80 0.095422
3218.80 0.095492
3220.80 0.095675
3222.80 0.095844
3224.80 0.095929
3226.80 0.096041
3228.80 0.096098
3230.80 0.096168
3232.80 0.096295
3234.80 0.096436
3236.80 0.096562
3238.90 0.096689
3240.90 0.096774
3242.90 0.096872
3244.90 0.096999
3247.00 0.097140
3249.00 0.097309
3251.00 0.097407
3253.10 0.097478
3255.10 0.097604
3257.20 0.097703
3259.20 0.097816
3261.30 0.097985
3263.30 0.098140
3265.40 0.098210
3267.40 0.098323
3269.50 0.098492
3271.60 0.098632
3273.60 0.098745
3275.70 0.098830
3277.80 0.098942
3279.80 0.099069
3281.90 0.099210
3284.00 0.099379
3286.10 0.099477
3288.10 0.099548
3290.20 0.099675
3292.30 0.099801
3294.40 0.099942
3296.50 0.100125
3298.60 0.100224
3300.70 0.100294
3302.80 0.100407
3304.90 0.100548
3307.00 0.100604
3309.10 0.100688
3311.20 0.100815
3313.40 0.100928
3315.50 0.101055
3317.60 0.101210
3319.70 0.101294
3321.90 0.101379
3324.00 0.101463
3326.10 0.101505
3328.30 0.101646
3330.40 0.101815
3332.50 0.101857
3334.70 0.101956
3336.80 0.102097
3339.00 0.102209
3341.10 0.102308
3343.30 0.102350
3345.40 0.102378
3347.60 0.102364
3349.80 0.102364
3351.90 0.102435
3354.10 0.102519
3356.30 0.102547
3358.40 0.102547
3360.60 0.102505
3362.80 0.102421
3365.00 0.102350
3367.10 0.102350
3369.30 0.102322
3371.50 0.102238
3373.70 0.102167
3375.90 0.102111
3378.10 0.102111
3380.30 0.102153
3382.50 0.102378
3384.70 0.102604
3386.90 0.102759
3389.10 0.102899
3391.40 0.103026
3393.60 0.103195
3395.80 0.103266
3398.00 0.103280
3400.30 0.103266
3402.50 0.103223
3404.70 0.103195
3407.00 0.103097
3409.20 0.103040
3411.40 0.103054
3413.70 0.103054
3415.90 0.103167
3418.20 0.103336
3420.40 0.103449
3422.70 0.103561
3425.00 0.103885
3427.20 0.104195
3429.50 0.104420
3431.80 0.104632
3434.00 0.104857
3436.30 0.105110
3438.60 0.105293
3440.90 0.105462
3443.20 0.105688
3445.40 0.105885
3447.70 0.106054
3450.00 0.106195
3452.30 0.106335
3454.60 0.106547
3456.90 0.106744
3459.20 0.106786
3461.60 0.106828
3463.90 0.106983
3466.20 0.107096
3468.50 0.107166
3470.80 0.107237
3473.10 0.107251
3475.50 0.107251
3477.80 0.107307
3480.10 0.107349
3482.50 0.107378
3484.80 0.107476
3487.20 0.107575
3489.50 0.107617
3491.90 0.107673
3494.20 0.107716
3496.60 0.107730
3498.90 0.107786
3501.30 0.107899
3503.60 0.108025
3506.00 0.108265
3508.40 0.108518
3510.80 0.108744
3513.10 0.108927
3515.50 0.109138
3517.90 0.109419
3520.30 0.109617
3522.70 0.109828
3525.10 0.110011
3527.50 0.110110
3529.90 0.110279
3532.30 0.110433
3534.70 0.110588
3537.10 0.110687
3539.50 0.110715
3541.90 0.110785
3544.40 0.110898
3546.80 0.111011
3549.20 0.111123
3551.60 0.111208
3554.10 0.111264
3556.50 0.111335
3559.00 0.111391
3561.40 0.111447
3563.90 0.111518
3566.30 0.111602
3568.80 0.111687
3571.20 0.111799
3573.70 0.111926
3576.10 0.111940
3578.60 0.111954
3581.10 0.111954
3583.60 0.112011
3586.00 0.112123
3588.50 0.112151
3591.00 0.112194
3593.50 0.112236
3596.00 0.112278
3598.50 0.112349
3601.00 0.112419
3603.50 0.112461
3606.00 0.112461
3608.50 0.112560
3611.00 0.112630
3613.50 0.112616
3616.00 0.112701
3618.60 0.112771
3621.10 0.112827
3623.60 0.112898
3626.10 0.112954
3628.70 0.113053
3631.20 0.113109
3633.80 0.113151
3636.30 0.113194
3638.90 0.113236
3641.40 0.113236
3644.00 0.113236
3646.60 0.113320
3649.10 0.113419
3651.70 0.113433
3654.30 0.113363
3656.80 0.113334
3659.40 0.113419
3662.00 0.113503
3664.60 0.113532
3667.20 0.113588
3669.80 0.113630
3672.40 0.113616
3675.00 0.113658
3677.60 0.113743
3680.20 0.113743
3682.80 0.113799
3685.40 0.113813
3688.10 0.113757
3690.70 0.113827
3693.30 0.113855
3695.90 0.113813
3698.60 0.113898
3701.20 0.113926
3703.90 0.113898
3706.50 0.113954
3709.20 0.114038
3711.80 0.114095
3714.50 0.114151
3717.10 0.114123
3719.80 0.114137
3722.50 0.114053
3725.10 0.114067
3727.80 0.114165
3730.50 0.114109
3733.20 0.114151
3735.90 0.114179
3738.60 0.114109
3741.30 0.114137
3744.00 0.114179
3746.70 0.114222
3749.40 0.114250
3752.10 0.114165
3754.80 0.114137
3757.50 0.114151
3760.30 0.114179
3763.00 0.114207
3765.70 0.114222
3768.50 0.114179
3771.20 0.114179
3773.90 0.114151
3776.70 0.114151
3779.40 0.114151
3782.20 0.114193
3785.00 0.114207
3787.70 0.114207
3790.50 0.114207
3793.30 0.114236
3796.10 0.114165
3798.80 0.114151
3801.60 0.114137
3804.40 0.114123
3807.20 0.114109
3810.00 0.114067
3812.80 0.114024
3815.60 0.114010
3818.40 0.114010
3821.20 0.113982
3824.10 0.113968
3826.90 0.113954
3829.70 0.113926
3832.50 0.113870
3835.40 0.113827
3838.20 0.113799
3841.10 0.113799
3843.90 0.113785
3846.80 0.113743
3849.60 0.113701
3852.50 0.113686
3855.30 0.113644
3858.20 0.113616
3861.10 0.113560
3863.90 0.113532
3866.80 0.113532
3869.70 0.113517
3872.60 0.113489
3875.50 0.113433
3878.40 0.113377
3881.30 0.113363
3884.20 0.113306
3887.10 0.113236
3890.00 0.113208
3892.90 0.113194
3895.90 0.113123
3898.80 0.113067
3901.70 0.113025
3904.70 0.113025
3907.60 0.112982
3910.60 0.112940
3913.50 0.112884
3916.50 0.112827
3919.40 0.112771
3922.40 0.112729
3925.40 0.112687
3928.40 0.112644
3931.30 0.112602
3934.30 0.112532
3937.30 0.112461
3940.30 0.112419
3943.30 0.112377
3946.30 0.112320
3949.30 0.112278
3952.30 0.112208
3955.30 0.112123
3958.30 0.112067
3961.40 0.111997
3964.40 0.111940
3967.40 0.111870
3970.50 0.111828
3973.50 0.111757
3976.50 0.111659
3979.60 0.111574
3982.60 0.111532
3985.70 0.111476
3988.80 0.111419
3991.90 0.111377
3994.90 0.111307
3998.00 0.111180
4001.10 0.111123
4004.20 0.111053
4007.30 0.110969
4010.40 0.110912
4013.50 0.110856
4016.60 0.110771
4019.70 0.110687
4022.80 0.110659
4025.90 0.110602
4029.10 0.110476
4032.20 0.110391
4035.30 0.110321
4038.50 0.110250
4041.60 0.110180
4044.80 0.110110
4047.90 0.110025
4051.10 0.109941
4054.30 0.109884
4057.40 0.109828
4060.60 0.109729
4063.80 0.109659
4067.00 0.109588
4070.20 0.109546
4073.40 0.109476
4076.60 0.109405
4079.80 0.109321
4083.00 0.109236
4086.20 0.109152
4089.40 0.109096
4092.70 0.108997
4095.90 0.108927
4099.10 0.108814
4102.40 0.108729
4105.60 0.108631
4108.90 0.108532
4112.10 0.108448
4115.40 0.108377
4118.70 0.108265
4122.00 0.108152
4125.20 0.108082
4128.50 0.108011
4131.80 0.107899
4135.10 0.107814
4138.40 0.107744
4141.70 0.107645
4145.00 0.107518
4148.30 0.107420
4151.60 0.107335
4155.00 0.107223
4158.30 0.107110
4161.60 0.107011
4165.00 0.106899
4168.30 0.106786
4171.70 0.106645
4175.00 0.106547
4178.40 0.106434
4181.80 0.106335
4185.20 0.106223
4188.50 0.106110
4191.90 0.105983
4195.30 0.105857
4198.70 0.105744
4202.10 0.105631
4205.50 0.105533
4208.90 0.105448
4212.40 0.105364
4215.80 0.105251
4219.20 0.105110
4222.60 0.104984
4226.10 0.104885
4229.50 0.104772
4233.00 0.104632
4236.50 0.104505
4239.90 0.104364
4243.40 0.104223
4246.90 0.104012
4250.30 0.103843
4253.80 0.103646
4257.30 0.103463
4260.80 0.103322
4264.30 0.103223
4267.80 0.103097
4271.30 0.102942
4274.90 0.102787
4278.40 0.102660
4281.90 0.102491
4285.50 0.102322
4289.00 0.102139
4292.60 0.101984
4296.10 0.101815
4299.70 0.101632
4303.30 0.101449
4306.80 0.101266
4310.40 0.101097
4314.00 0.100928
4317.60 0.100745
4321.20 0.100548
4324.80 0.100379
4328.40 0.100224
4332.00 0.100027
4335.60 0.099829
4339.30 0.099646
4342.90 0.099463
4346.50 0.099308
4350.20 0.099153
4353.80 0.098956
4357.50 0.098801
4361.10 0.098632
4364.80 0.098449
4368.50 0.098266
4372.20 0.098069
4375.90 0.097900
4379.60 0.097745
4383.30 0.097562
4387.00 0.097379
4390.70 0.097210
4394.40 0.097041
4398.10 0.096872
4401.90 0.096703
4405.60 0.096520
4409.40 0.096337
4413.10 0.096154
4416.90 0.096013
4420.60 0.095830
4424.40 0.095647
4428.20 0.095464
4432.00 0.095281
4435.80 0.095084
4439.60 0.094901
4443.40 0.094732
4447.20 0.094563
4451.00 0.094380
4454.80 0.094182
4458.60 0.093971
4462.50 0.093788
4466.30 0.093619
4470.20 0.093436
4474.00 0.093239
4477.90 0.093056
4481.80 0.092873
4485.60 0.092676
4489.50 0.092464
4493.40 0.092253
4497.30 0.092056
4501.20 0.091845
4505.10 0.091648
4509.00 0.091450
4513.00 0.091225
4516.90 0.091000
4520.80 0.090760
4524.80 0.090535
4528.70 0.090338
4532.70 0.090113
4536.70 0.089873
4540.60 0.089634
4544.60 0.089394
4548.60 0.089183
4552.60 0.088972
4556.60 0.088719
4560.60 0.088465
4564.60 0.088226
4568.60 0.087958
4572.70 0.087719
4576.70 0.087493
4580.80 0.087268
4584.80 0.087015
4588.90 0.086761
4592.90 0.086494
4597.00 0.086240
4601.10 0.085987
4605.20 0.085761
4609.30 0.085508
4613.40 0.085254
4617.50 0.085015
4621.60 0.084804
4625.70 0.084578
4629.80 0.084339
4634.00 0.084071
4638.10 0.083818
4642.30 0.083578
4646.40 0.083339
4650.60 0.083128
4654.80 0.082917
4659.00 0.082705
4663.10 0.082480
4667.30 0.082255
4671.50 0.082044
4675.80 0.081818
4680.00 0.081593
4684.20 0.081382
4688.40 0.081184
4692.70 0.080973
4696.90 0.080762
4701.20 0.080593
4705.50 0.080424
4709.70 0.080213
4714.00 0.080002
4718.30 0.079818
4722.60 0.079621
4726.90 0.079410
4731.20 0.079227
4735.50 0.079030
4739.90 0.078847
4744.20 0.078636
4748.50 0.078453
4752.90 0.078284
4757.30 0.078129
4761.60 0.077946
4766.00 0.077748
4770.40 0.077593
4774.80 0.077453
4779.20 0.077284
4783.60 0.077129
4788.00 0.076960
4792.40 0.076819
4796.90 0.076664
4801.30 0.076523
4805.80 0.076368
4810.20 0.076242
4814.70 0.076101
4819.10 0.075960
4823.60 0.075805
4828.10 0.075664
4832.60 0.075523
4837.10 0.075368
4841.60 0.075242
4846.20 0.075115
4850.70 0.074918
4855.30 0.074749
4859.80 0.074594
4864.40 0.074453
4868.90 0.074298
4873.50 0.074143
4878.10 0.073988
4882.70 0.073848
4887.30 0.073679
4891.90 0.073510
4896.50 0.073355
4901.10 0.073214
4905.80 0.073031
4910.40 0.072848
4915.10 0.072679
4919.70 0.072538
4924.40 0.072355
4929.10 0.072158
4933.80 0.071961
4938.50 0.071778
4943.20 0.071580
4947.90 0.071383
4952.60 0.071172
4957.40 0.071017
4962.10 0.070848
4966.90 0.070665
4971.60 0.070468
4976.40 0.070271
4981.20 0.070088
4986.00 0.069933
4990.80 0.069764
4995.60 0.069581
5000.40 0.069384
5005.20 0.069215
5010.00 0.069060
5014.90 0.068905
5019.80 0.068778
5024.60 0.068637
5029.50 0.068468
5034.40 0.068341
5039.30 0.068201
5044.20 0.068060
5049.10 0.067919
5054.00 0.067792
5058.90 0.067651
5063.90 0.067525
5068.80 0.067412
5073.80 0.067299
5078.80 0.067159
5083.70 0.067046
5088.70 0.066947
5093.70 0.066835
5098.70 0.066708
5103.70 0.066623
5108.80 0.066539
5113.80 0.066454
5118.90 0.066342
5123.90 0.066243
5129.00 0.066145
5134.10 0.066046
5139.10 0.065962
5144.30 0.065863
5149.40 0.065750
5154.50 0.065666
5159.60 0.065553
5164.70 0.065455
5169.90 0.065370
5175.00 0.065257
5180.20 0.065145
5185.40 0.065060
5190.60 0.064976
5195.80 0.064891
5201.00 0.064779
5206.20 0.064680
5211.50 0.064553
5216.70 0.064469
5222.00 0.064356
5227.20 0.064243
5232.50 0.064159
5237.80 0.064074
5243.10 0.063976
5248.40 0.063891
5253.70 0.063793
5259.00 0.063666
5264.40 0.063568
5269.70 0.063483
5275.10 0.063413
5280.50 0.063342
5285.80 0.063230
5291.20 0.063145
5296.60 0.063089
5302.00 0.063032
5307.50 0.062976
5312.90 0.062934
5318.40 0.062892
5323.80 0.062835
5329.30 0.062793
5334.80 0.062723
5340.30 0.062652
5345.80 0.062610
5351.30 0.062610
5356.80 0.062582
5362.40 0.062497
5367.90 0.062441
5373.50 0.062413
5379.00 0.062371
5384.60 0.062300
5390.20 0.062244
5395.80 0.062202
5401.50 0.062159
5407.10 0.062075
5412.70 0.062018
5418.40 0.061962
5424.10 0.061990
5429.70 0.061934
5435.40 0.061835
5441.10 0.061793
5446.90 0.061765
5452.60 0.061709
5458.30 0.061624
5464.10 0.061582
5469.80 0.061582
5475.60 0.061512
5481.40 0.061469
5487.20 0.061413
5493.00 0.061343
5498.80 0.061300
5504.70 0.061258
5510.50 0.061202
5516.40 0.061145
5522.30 0.061103
5528.10 0.061047
5534.00 0.060990
5540.00 0.060934
5545.90 0.060892
5551.80 0.060836
5557.80 0.060779
5563.70 0.060723
5569.70 0.060652
5575.70 0.060596
5581.70 0.060568
5587.70 0.060526
5593.70 0.060427
5599.80 0.060357
5605.80 0.060300
5611.90 0.060216
5618.00 0.060160
5624.10 0.060103
5630.20 0.060019
5636.30 0.059962
5642.40 0.059934
5648.60 0.059892
5654.70 0.059808
5660.90 0.059793
5667.10 0.059737
5673.30 0.059695
5679.50 0.059709
5685.70 0.059681
5692.00 0.059653
5698.20 0.059624
5704.50 0.059568
5710.80 0.059610
5717.10 0.059667
5723.40 0.059639
5729.70 0.059596
5736.10 0.059554
5742.40 0.059540
5748.80 0.059554
5755.10 0.059512
5761.50 0.059385
5768.00 0.059413
5774.40 0.059399
5780.80 0.059301
5787.30 0.059230
5793.70 0.059132
5800.20 0.059075
5806.70 0.059005
5813.20 0.058934
5819.70 0.058864
5826.30 0.058850
5832.80 0.058808
5839.40 0.058751
5846.00 0.058709
5852.60 0.058667
5859.20 0.058611
5865.80 0.058596
5872.50 0.058554
5879.10 0.058526
5885.80 0.058611
5892.50 0.058554
5899.20 0.058596
5905.90 0.058596
5912.60 0.058512
5919.40 0.058498
5926.20 0.058456
5932.90 0.058399
5939.70 0.058498
5946.50 0.058484
5953.40 0.058385
5960.20 0.058315
5967.10 0.058258
5974.00 0.058273
5980.80 0.058174
5987.80 0.058132
5994.70 0.058104
6001.60 0.058019
6008.60 0.057935
6015.50 0.057892
6022.50 0.057794
6029.50 0.057695
6036.50 0.057597
6043.60 0.057442
6050.60 0.057399
6057.70 0.057315
6064.80 0.057047
6071.90 0.056893
6079.00 0.056766
6086.10 0.056597
6093.30 0.056400
6100.50 0.056231
6107.60 0.056076
6114.90 0.056019
6122.10 0.055949
6129.30 0.055794
6136.50 0.055667
6143.80 0.055625
6151.10 0.055583
6158.40 0.055541
6165.70 0.055512
6173.10 0.055456
6180.40 0.055428
6187.80 0.055527
6195.20 0.055527
6202.60 0.055512
6210.00 0.055555
6217.50 0.055569
6225.00 0.055569
6232.40 0.055597
6239.90 0.055625
6247.50 0.055639
6255.00 0.055611
6262.50 0.055625
6270.10 0.055611
6277.70 0.055611
6285.30 0.055611
6293.00 0.055597
6300.60 0.055583
6308.30 0.055555
6315.90 0.055555
6323.60 0.055555
6331.40 0.055527
6339.10 0.055484
6346.90 0.055484
6354.60 0.055484
6362.40 0.055400
6370.30 0.055400
6378.10 0.055414
6385.90 0.055358
6393.80 0.055315
6401.70 0.055259
6409.60 0.055231
6417.50 0.055343
6425.50 0.055329
6433.50 0.055287
6441.50 0.055301
6449.50 0.055287
6457.50 0.055287
6465.60 0.055245
6473.60 0.055217
6481.70 0.055174
6489.80 0.055104
6498.00 0.055118
6506.10 0.055076
6514.30 0.054935
6522.50 0.054921
6530.70 0.054865
6538.90 0.054766
6547.20 0.054710
6555.50 0.054653
6563.80 0.054569
6572.10 0.054527
6580.40 0.054513
6588.80 0.054400
6597.20 0.054330
6605.60 0.054231
6614.00 0.054132
6622.50 0.054034
6630.90 0.053865
6639.40 0.053837
6647.90 0.053808
6656.50 0.053654
6665.00 0.053527
6673.60 0.053414
6682.20 0.053372
6690.80 0.053330
6699.50 0.053217
6708.10 0.053133
6716.80 0.053076
6725.50 0.052992
6734.30 0.052921
6743.00 0.052837
6751.80 0.052766
6760.60 0.052682
6769.40 0.052583
6778.30 0.052513
6787.10 0.052471
6796.00 0.052457
6805.00 0.052358
6813.90 0.052245
6822.90 0.052133
6831.90 0.052006
6840.90 0.051879
6849.90 0.051767
6859.00 0.051668
6868.00 0.051626
6877.20 0.051541
6886.30 0.051386
6895.50 0.051274
6904.60 0.051147
6913.80 0.051034
6923.10 0.050893
6932.30 0.050753
6941.60 0.050612
6950.90 0.050471
6960.20 0.050344
6969.60 0.050246
6979.00 0.050063
6988.40 0.049894
6997.80 0.049767
7007.30 0.049668
7016.80 0.049513
7026.30 0.049344
7035.80 0.049175
7045.40 0.049063
7054.90 0.048964
7064.50 0.048781
7074.20 0.048598
7083.90 0.048443
7093.50 0.048302
7103.30 0.048161
7113.00 0.047978
7122.80 0.047824
7132.60 0.047669
7142.40 0.047514
7152.20 0.047345
7162.10 0.047176
7172.00 0.047035
7182.00 0.046852
7191.90 0.046641
7201.90 0.046443
7211.90 0.046289
7222.00 0.046148
7232.00 0.045951
7242.10 0.045739
7252.30 0.045542
7262.40 0.045373
7272.60 0.045176
7282.80 0.044979
7293.10 0.044754
7303.30 0.044556
7313.60 0.044359
7324.00 0.044134
7334.30 0.043880
7344.70 0.043683
7355.10 0.043458
7365.60 0.043233
7376.10 0.043021
7386.60 0.042768
7397.10 0.042486
7407.70 0.042261
7418.30 0.042008
7428.90 0.041782
7439.60 0.041529
7450.30 0.041275
7461.00 0.040980
7471.70 0.040740
7482.50 0.040487
7493.30 0.040205
7504.20 0.039895
7515.00 0.039656
7525.90 0.039346
7536.90 0.039064
7547.90 0.038769
7558.90 0.038501
7569.90 0.038233
7581.00 0.037952
7592.00 0.037670
7603.20 0.037389
7614.30 0.037107
7625.50 0.036825
7636.80 0.036515
7648.00 0.036234
7659.30 0.035952
7670.70 0.035685
7682.00 0.035431
7693.40 0.035192
7704.90 0.034938
7716.30 0.034657
7727.80 0.034403
7739.40 0.034220
7750.90 0.034009
7762.50 0.033826
7774.20 0.033629
7785.80 0.033488
7797.50 0.033389
7809.30 0.033347
7821.10 0.033319
7832.90 0.033403
7844.70 0.033516
7856.60 0.033727
7868.50 0.034037
7880.50 0.034459
7892.50 0.034995
7904.50 0.035670
7916.60 0.036445
7928.70 0.037403
7940.80 0.038515
7953.00 0.039881
7965.20 0.041486
7977.50 0.043345
7989.80 0.045514
8002.10 0.047992
8014.50 0.050739
8026.90 0.053794
8039.30 0.057188
8051.80 0.060906
8064.30 0.064990
8076.90 0.069426
8089.50 0.074228
8102.10 0.079340
8114.80 0.084860
8127.50 0.090662
8140.30 0.096774
8153.10 0.103153
8165.90 0.109814
8178.80 0.116658
8191.70 0.123629
8204.70 0.130599
8217.70 0.137570
8230.70 0.144231
8243.80 0.150624
8256.90 0.156398
8270.10 0.161496
8283.30 0.165749
8296.60 0.169171
8309.90 0.171649
8323.20 0.173409
8336.60 0.174367
8350.00 0.174832
8363.50 0.174804
8377.00 0.174592
8390.50 0.174184
8404.20 0.173747
8417.80 0.173198
8431.50 0.172818
8445.20 0.172424
8459.00 0.172311
8472.80 0.172311
8486.70 0.172565
8500.60 0.173015
8514.50 0.173790
8528.50 0.174832
8542.60 0.176339
8556.70 0.178113
8570.80 0.180338
8585.00 0.182760
8599.30 0.185520
8613.50 0.188562
8627.90 0.191928
8642.30 0.195392
8656.70 0.199138
8671.20 0.202856
8685.70 0.206672
8700.30 0.210347
8714.90 0.213910
8729.60 0.217234
8744.30 0.220473
8759.00 0.223458
8773.90 0.226458
8788.70 0.229175
8803.70 0.231809
8818.60 0.234118
8833.70 0.236146
8848.70 0.237681
8863.80 0.238934
8879.00 0.239751
8894.30 0.240315
8909.50 0.240441
8924.90 0.240455
8940.30 0.240188
8955.70 0.239808
8971.20 0.239174
8986.80 0.238512
9002.30 0.237639
9018.00 0.236752
9033.70 0.235625
9049.50 0.234513
9065.30 0.233231
9081.20 0.231992
9097.10 0.230696
9113.10 0.229499
9129.10 0.228246
9145.20 0.227176
9161.40 0.226105
9177.60 0.225317
9193.90 0.224627
9210.20 0.224261
9226.60 0.224049
9243.00 0.224148
9259.50 0.224331
9276.10 0.224894
9292.70 0.225599
9309.40 0.226598
9326.20 0.227683
9343.00 0.229006
9359.80 0.230429
9376.80 0.232119
9393.70 0.233794
9410.80 0.235667
9427.90 0.237639
9445.10 0.239836
9462.30 0.241962
9479.60 0.244131
9497.00 0.246074
9514.40 0.247933
9531.90 0.249510
9549.40 0.251017
9567.10 0.252284
9584.70 0.253580
9602.50 0.254791
9620.30 0.256101
9638.20 0.257298
9656.10 0.258692
9674.20 0.260044
9692.20 0.261522
9710.40 0.262776
9728.60 0.264085
9746.90 0.265311
9765.20 0.266620
9783.70 0.267775
9802.20 0.269085
9820.70 0.270282
9839.40 0.271549
9858.10 0.272605
9876.80 0.273788
9895.70 0.274774
9914.60 0.275717
9933.60 0.276436
9952.70 0.277168
9971.80 0.277576
9991.00 0.277844
10010.30 0.277745
10029.70 0.277604
10049.10 0.277140
10068.60 0.276647
10088.20 0.276140
10107.90 0.275943
10127.60 0.275929
10147.40 0.276422
10167.30 0.277210
10187.30 0.278534
10207.40 0.279984
10227.50 0.281646
10247.70 0.283181
10268.00 0.284603
10288.40 0.285434
10308.80 0.285871
10329.40 0.285603
10350.00 0.284885
10370.70 0.283618
10391.50 0.282125
10412.30 0.280435
10433.30 0.278956
10454.30 0.277661
10475.50 0.277041
10496.70 0.277126
10518.00 0.278351
10539.30 0.280632
10560.80 0.284096
10582.30 0.288194
10604.00 0.292461
10625.70 0.296038
10647.50 0.299024
10669.40 0.301150
10691.40 0.302615
10713.50 0.303333
10735.70 0.303755
10758.00 0.303741
10780.30 0.303530
10802.80 0.302770
10825.40 0.301826
10848.00 0.300418
10870.80 0.298939
10893.60 0.297221
10916.50 0.295588
10939.50 0.293884
10962.70 0.292320
10985.90 0.290546
11009.20 0.288828
11032.70 0.286927
11056.20 0.285096
11079.80 0.283068
11103.50 0.281097
11127.40 0.278956
11151.30 0.276858
11175.30 0.274577
11199.50 0.272281
11223.70 0.269718
11248.00 0.267127
11272.50 0.264254
11297.10 0.261184
11321.70 0.257762
11346.50 0.254200
11371.40 0.250243
11396.40 0.246131
11421.50 0.241864
11446.70 0.237695
11472.00 0.233386
11497.50 0.229063
11523.00 0.224444
11548.70 0.219740
11574.40 0.214938
11600.30 0.210418
11626.30 0.205982
11652.50 0.201813
11678.70 0.197786
11705.10 0.194040
11731.60 0.190308
11758.20 0.186605
11784.90 0.182957
11811.70 0.179493
11838.70 0.176170
11865.80 0.173607
11893.00 0.172128
11920.30 0.171945
11947.80 0.172381
11975.40 0.172339
12003.10 0.171156
12031.00 0.169157
12059.00 0.166622
12087.10 0.164031
12115.30 0.161425
12143.70 0.158989
12172.20 0.156567
12200.80 0.154286
12229.60 0.152103
12258.50 0.150075
12287.60 0.148047
12316.80 0.146217
12346.10 0.144414
12375.50 0.142766
12405.20 0.141246
12434.90 0.139936
12464.80 0.138711
12494.80 0.137655
12525.00 0.136697
12555.30 0.135894
12585.80 0.135120
12616.40 0.134500
12647.20 0.133993
12678.10 0.133571
12709.20 0.133162
12740.40 0.132867
12771.80 0.132669
12803.30 0.132557
12835.00 0.132374
12866.90 0.132345
12898.90 0.132233
12931.10 0.132120
12963.40 0.131979
12995.90 0.131754
13028.50 0.131444
13061.30 0.131233
13094.30 0.131050
13127.50 0.130909
13160.80 0.130698
13194.30 0.130627
13228.00 0.130543
13261.80 0.130430
13295.80 0.130346
13330.00 0.130219
13364.30 0.129966
13398.90 0.129726
13433.60 0.129430
13468.50 0.129247
13503.50 0.128952
13538.80 0.128571
13574.20 0.128248
13609.90 0.127952
13645.70 0.127586
13681.70 0.127163
13717.90 0.126614
13754.30 0.126107
13790.80 0.125487
13827.60 0.124910
13864.60 0.124319
13901.80 0.123685
13939.10 0.123037
13976.70 0.122446
14014.50 0.121826
14052.50 0.121333
14090.70 0.120714
14129.00 0.120066
14167.70 0.119460
14206.50 0.118798
14245.50 0.118024
14284.70 0.117249
14324.20 0.116390
14363.90 0.115588
14403.80 0.114686
14443.90 0.113813
14484.20 0.112954
14524.80 0.112123
14565.60 0.111447
14606.60 0.110898
14647.90 0.110250
14689.40 0.109729
14731.10 0.109124
14773.10 0.108560
14815.30 0.107786
14857.80 0.106617
14900.50 0.105364
14943.40 0.104237
14986.60 0.102956
15030.00 0.101731
15073.70 0.100956
15117.70 0.100886
15161.90 0.101646
15206.30 0.103575
15251.10 0.106913
15296.10 0.111574
15341.30 0.117503
15386.80 0.124628
15432.70 0.132233
15478.70 0.140077
15525.10 0.147752
15571.70 0.154722
15618.60 0.160933
15665.80 0.166115
15713.20 0.170424
15761.00 0.174297
15809.00 0.177831
15857.40 0.181422
15906.00 0.185098
15955.00 0.188985
16004.20 0.192829
16053.80 0.196279
16103.60 0.199743
16153.80 0.203348
16204.30 0.206601
16255.10 0.209911
16306.20 0.213122
16357.60 0.216051
16409.40 0.218515
16461.50 0.220613
16513.90 0.222613
16566.70 0.224373
16619.80 0.225993
16673.20 0.227978
16727.00 0.229795
16781.10 0.231921
16835.60 0.234273
16890.50 0.236653
16945.70 0.239202
17001.20 0.241892
17057.20 0.244525
17113.40 0.247511
17170.10 0.250186
17227.20 0.253003
17284.60 0.255678
17342.40 0.258185
17400.60 0.260325
17459.20 0.262184
17518.20 0.264001
17577.50 0.265775
17637.30 0.267155
17697.50 0.269127
17758.10 0.271394
17819.20 0.274309
17880.60 0.277703
17942.50 0.282026
18004.80 0.287730
18067.50 0.294672
18130.70 0.302671
18194.30 0.312036
18258.40 0.321062
18322.90 0.329343
18387.90 0.335243
18453.30 0.338398
18519.20 0.338848
18585.60 0.336806
18652.40 0.332863
18719.80 0.328794
18787.60 0.324527
18855.90 0.321105
18924.80 0.317655
18994.10 0.315021
19063.90 0.312993
19134.30 0.311205
19205.10 0.309684
19276.50 0.308233
19348.40 0.306192
19420.90 0.304164
19493.90 0.301361
19567.50 0.298376
19641.60 0.295390
19716.30 0.292673
19791.50 0.289828
19867.40 0.287575
19943.80 0.285603
20020.80 0.284181
20098.40 0.282829
20176.60 0.282266
20255.40 0.281660
20334.80 0.281604
20414.90 0.281716
20495.60 0.282153
20576.90 0.282407
20658.90 0.282392
20741.60 0.282223
20824.80 0.281604
20908.80 0.280449
20993.50 0.278745
21078.80 0.276957
21164.80 0.275351
21251.60 0.273521
21339.10 0.271324
21427.20 0.268972
21516.10 0.266325
21605.80 0.263395
21696.20 0.260452
21787.30 0.258072
21879.30 0.255735
21972.00 0.253876
22065.50 0.252989
22159.80 0.252932
22254.90 0.253679
22350.80 0.255298
22447.60 0.258086
22545.20 0.261804
22643.60 0.266663
22742.90 0.272098
22843.10 0.278041
22944.20 0.284646
23046.20 0.291250
23149.10 0.297193
23252.90 0.302755
23357.60 0.307600
23463.30 0.311993
23569.90 0.316753
23677.60 0.322090
23786.20 0.328146
23895.80 0.335764
24006.40 0.343510
24118.10 0.351494
24230.80 0.359690
24344.50 0.367450
24459.30 0.374082
24575.30 0.379363
24692.30 0.382884
24810.40 0.385193
24929.70 0.387024
25050.10 0.388446
25171.70 0.389024
25294.50 0.388756
25418.50 0.387714
25543.70 0.385982
25670.20 0.383165
25797.90 0.379138
25926.90 0.374448
26057.20 0.369379
26188.80 0.364295
26321.70 0.359606
26456.00 0.355311
26591.70 0.351368
26728.80 0.348312
26867.20 0.346495
27007.20 0.344707
27148.60 0.343566
27291.50 0.343411
27435.90 0.343453
27581.80 0.343665
27729.30 0.343749
27878.40 0.344228
28029.10 0.345002
28181.40 0.346073
28335.40 0.347777
28491.10 0.349213
28648.50 0.350818
28807.70 0.352705
28968.60 0.354043
29131.30 0.355466
29295.90 0.356902
29462.40 0.358183
29630.70 0.358648
29801.00 0.358338
29973.30 0.356141
30147.50 0.353959
30323.80 0.353001
30502.20 0.350973
30682.70 0.348157
30865.30 0.345819
31050.20 0.342425
31237.20 0.339468
31426.50 0.336975
31618.20 0.334680
31812.10 0.332342
32008.50 0.330695
32207.30 0.329991
32408.60 0.328498
32612.40 0.327385
32818.80 0.327723
33027.90 0.326667
33239.60 0.324991
33454.10 0.324146
33671.30 0.323414
33891.40 0.322485
34114.30 0.321330
34340.30 0.320471
34569.20 0.319147
34801.20 0.316458
35036.30 0.314838
35274.70 0.313444
35516.30 0.310444
35761.20 0.307741
36009.60 0.305051
36261.40 0.302882
36516.70 0.300784
36775.70 0.298094
37038.40 0.295052
37304.90 0.292475
37575.20 0.290983
37849.50 0.288701
38127.80 0.287110
38410.20 0.286181
38696.80 0.285491
38987.80 0.285603
39283.20 0.288391
39583.00 0.291884
39887.50 0.294574
40196.70 0.297446
40510.80 0.302164
40829.70 0.305135
41153.80 0.307205
41483.00 0.309290
41817.60 0.311641
42157.50 0.313078
42503.10 0.312683
42854.40 0.314064
43211.50 0.317345
43574.60 0.319147
43943.90 0.321246
44319.50 0.321992
44701.50 0.322809
45090.20 0.323949
45485.80 0.322710
45888.30 0.321555
46298.00 0.322105
46715.10 0.322358
47139.80 0.323879
47572.30 0.324470
48012.80 0.325512
48461.50 0.324794
48918.60 0.324175
49384.60 0.325315
49859.40 0.323428
50343.50 0.320105
50837.00 0.317359
51340.40 0.318246
51853.80 0.315683
52377.60 0.312247
52912.00 0.309783
53457.50 0.308529
54014.40 0.307065
54582.90 0.303488
55163.60 0.300122
55756.80 0.298981
56362.80 0.301488
56982.20 0.304966
57615.30 0.307374
58262.70 0.304952
58924.70 0.306924
59602.00 0.310980
60295.10 0.313275
61004.40 0.315767
61730.70 0.321274
62474.40 0.323316
63236.30 0.325217
64017.00 0.328160
64817.20 0.332399
65637.70 0.337313
66479.20 0.340496
67342.60 0.342862
68228.60 0.343510
69138.40 0.345383
70072.70 0.349354
71032.60 0.352156
72019.10 0.350818
73033.50 0.357268
74076.80 0.362591
75150.40 0.363704
76255.50 0.357226
77393.70 0.354804
78566.30 0.365126
79775.00 0.370125
81021.50 0.386038
82307.60 0.410485
83635.10 0.370379
85006.20 0.357761
86423.00 0.363887
87887.80 0.359169
89403.00 0.355001
90971.50 0.346734
92596.00 0.360042
94279.60 0.358451
96025.50 0.341200
97837.30 0.349678
99718.80 0.367210
