300.00 0.057770
305.00 0.063790
310.00 0.062130
315.00 0.066020
320.00 0.068420
325.00 0.070710
330.00 0.073260
335.00 0.076900
340.00 0.079460
345.00 0.082420
350.00 0.084500
355.00 0.088450
360.00 0.092130
365.00 0.094770
370.00 0.097680
375.00 0.100990
380.00 0.103310
385.00 0.105940
390.00 0.108640
395.00 0.110990
400.00 0.111710
405.00 0.113500
410.00 0.115020
415.00 0.116530
420.00 0.117830
425.00 0.119030
430.00 0.120060
435.00 0.120940
440.00 0.121090
445.00 0.120900
450.00 0.121240
455.00 0.122160
460.00 0.123770
465.00 0.125090
470.00 0.126140
475.00 0.127460
480.00 0.128930
485.00 0.130070
490.00 0.131250
495.00 0.132620
500.00 0.134360
505.00 0.135710
510.00 0.137240
515.00 0.138630
520.00 0.140060
525.00 0.141150
530.00 0.142470
535.00 0.143650
540.00 0.144760
545.00 0.145820
550.00 0.146750
555.00 0.147530
560.00 0.148580
565.00 0.149650
570.00 0.150330
575.00 0.150940
580.00 0.151610
585.00 0.152130
590.00 0.152680
595.00 0.153280
600.00 0.153600
605.00 0.153960
610.00 0.154250
615.00 0.154700
620.00 0.154900
625.00 0.155360
630.00 0.155540
635.00 0.155780
640.00 0.156260
645.00 0.156510
650.00 0.156720
655.00 0.156850
660.00 0.157100
665.00 0.157100
670.00 0.157580
675.00 0.157580
680.00 0.157870
685.00 0.157960
690.00 0.157980
695.00 0.158130
700.00 0.158200
705.00 0.158320
710.00 0.158460
715.00 0.158620
720.00 0.158550
725.00 0.158630
730.00 0.158830
735.00 0.158750
740.00 0.158980
745.00 0.159090
750.00 0.159230
755.00 0.159430
760.00 0.159670
765.00 0.159970
770.00 0.160200
775.00 0.160570
780.00 0.161200
785.00 0.161620
790.00 0.162390
795.00 0.163150
800.00 0.164120
805.00 0.164820
810.00 0.165800
815.00 0.166900
820.00 0.167720
825.00 0.168910
830.00 0.169730
835.00 0.170520
840.00 0.171430
845.00 0.172100
850.00 0.172820
855.00 0.173310
860.00 0.173540
865.00 0.173970
865.20 0.173970
865.30 0.174076
865.50 0.174512
865.60 0.174155
865.80 0.173600
865.90 0.173877
866.00 0.174181
866.20 0.172582
866.30 0.172886
866.50 0.173825
866.60 0.173811
866.80 0.174789
866.90 0.175781
867.10 0.174948
867.20 0.173600
867.30 0.173256
867.50 0.173005
867.60 0.172926
867.80 0.173124
867.90 0.173309
868.10 0.172688
868.20 0.172080
868.40 0.172384
868.50 0.172424
868.70 0.172133
868.80 0.172609
869.00 0.173494
869.10 0.174340
869.20 0.174459
869.40 0.173587
869.50 0.172622
869.70 0.172529
869.80 0.172820
870.00 0.172860
870.10 0.172847
870.30 0.172569
870.40 0.172529
870.60 0.172622
870.70 0.173032
870.80 0.173045
871.00 0.173137
871.10 0.173428
871.30 0.173018
871.40 0.172569
871.60 0.173098
871.70 0.172595
871.90 0.172305
872.00 0.173296
872.20 0.174168
872.30 0.173084
872.50 0.172172
872.60 0.172965
872.80 0.173256
872.90 0.173217
873.00 0.172437
873.20 0.171855
873.30 0.172238
873.50 0.172622
873.60 0.173388
873.80 0.173970
873.90 0.173375
874.10 0.173402
874.20 0.173071
874.40 0.172424
874.50 0.171948
874.70 0.171921
874.80 0.171829
875.00 0.171895
875.10 0.172093
875.30 0.172080
875.40 0.172265
875.50 0.172675
875.70 0.172847
875.80 0.172741
876.00 0.172688
876.20 0.172172
876.30 0.171300
876.40 0.171208
876.60 0.171194
876.70 0.172027
876.90 0.172252
877.00 0.172476
877.20 0.172609
877.30 0.172225
877.50 0.171697
877.60 0.171855
877.80 0.173137
877.90 0.173124
878.10 0.172714
878.20 0.172318
878.40 0.172014
878.50 0.171604
878.70 0.172212
878.80 0.172040
879.00 0.171313
879.10 0.171591
879.30 0.172476
879.40 0.171934
879.60 0.171102
879.70 0.171432
879.90 0.171961
880.00 0.171644
880.20 0.171789
880.30 0.172093
880.50 0.171987
880.60 0.172225
880.80 0.171948
880.90 0.171644
881.10 0.171749
881.20 0.171485
881.40 0.171459
881.50 0.171776
881.70 0.172001
881.80 0.171551
882.00 0.170785
882.10 0.170732
882.30 0.170983
882.40 0.171326
882.60 0.171670
882.70 0.172172
882.90 0.171948
883.00 0.171340
883.20 0.171538
883.30 0.171630
883.50 0.171102
883.60 0.171300
883.80 0.170547
883.90 0.169859
884.10 0.170507
884.20 0.170401
884.40 0.170058
884.50 0.170031
884.70 0.170031
884.80 0.170864
885.00 0.171485
885.10 0.171670
885.30 0.171366
885.40 0.170864
885.60 0.170718
885.70 0.170758
885.90 0.171062
886.00 0.171274
886.20 0.170335
886.30 0.169912
886.50 0.170137
886.60 0.170520
886.80 0.170573
886.90 0.171340
887.10 0.172053
887.20 0.171379
887.40 0.170428
887.50 0.170296
887.70 0.170269
887.80 0.169674
888.00 0.170190
888.20 0.170705
888.30 0.170348
888.50 0.169859
888.60 0.169820
888.80 0.170124
888.90 0.170414
889.10 0.170573
889.20 0.170626
889.40 0.170851
889.50 0.171208
889.70 0.170904
889.80 0.170097
890.00 0.169820
890.10 0.170428
890.30 0.170705
890.40 0.170084
890.60 0.169502
890.80 0.169383
890.90 0.169873
891.00 0.170335
891.20 0.170322
891.40 0.170005
891.50 0.169608
891.70 0.168974
891.80 0.168947
892.00 0.169674
892.10 0.169146
892.30 0.169146
892.40 0.170216
892.60 0.170401
892.70 0.169740
892.90 0.169635
893.00 0.170031
893.20 0.170269
893.40 0.169886
893.50 0.169740
893.70 0.169502
893.80 0.168961
894.00 0.169265
894.10 0.169040
894.30 0.168657
894.40 0.169093
894.60 0.169754
894.70 0.170203
894.90 0.170071
895.00 0.170401
895.20 0.169701
895.40 0.168868
895.50 0.168709
895.70 0.168868
895.80 0.168749
896.00 0.168815
896.10 0.169159
896.30 0.170005
896.40 0.169859
896.60 0.169172
896.80 0.168736
896.90 0.168101
897.10 0.168617
897.20 0.169013
897.40 0.168815
897.50 0.169040
897.70 0.169687
897.80 0.169159
898.00 0.168115
898.20 0.168220
898.30 0.169027
898.50 0.169013
898.60 0.168445
898.80 0.167943
898.90 0.168313
899.10 0.169119
899.20 0.168934
899.40 0.168736
899.60 0.168471
899.70 0.168167
899.90 0.168538
900.00 0.168485
900.20 0.168181
900.30 0.167996
900.50 0.168154
900.70 0.168458
900.80 0.168154
901.00 0.167837
901.10 0.167520
901.30 0.167189
901.40 0.167229
901.60 0.167784
901.80 0.168181
901.90 0.167771
902.10 0.167361
902.20 0.167612
902.40 0.167758
902.50 0.167731
902.70 0.167665
902.80 0.167441
903.00 0.167295
903.20 0.167361
903.30 0.167586
903.50 0.167652
903.60 0.167374
903.80 0.167242
904.00 0.167903
904.10 0.167930
904.30 0.167335
904.40 0.167255
904.60 0.167295
904.70 0.167348
904.90 0.167255
905.00 0.167559
905.20 0.167692
905.40 0.167163
905.50 0.166912
905.70 0.167229
905.80 0.167269
906.00 0.166965
906.20 0.167110
906.30 0.167216
906.50 0.166912
906.60 0.167018
906.80 0.167282
907.00 0.167322
907.10 0.166978
907.30 0.166846
907.40 0.166885
907.60 0.166885
907.70 0.166859
907.90 0.166753
908.10 0.166264
908.20 0.166436
908.40 0.167123
908.50 0.167520
908.70 0.166872
908.90 0.166092
909.00 0.166053
909.20 0.166106
909.30 0.166198
909.50 0.166132
909.70 0.166423
909.80 0.166304
910.00 0.166092
910.10 0.166291
910.30 0.166489
910.50 0.166291
910.60 0.165947
910.80 0.166145
910.90 0.166000
911.10 0.165788
911.30 0.166026
911.40 0.166053
911.60 0.165947
911.70 0.166198
911.90 0.166581
912.10 0.166595
912.20 0.166357
912.40 0.166502
912.50 0.165775
912.70 0.165180
912.90 0.165537
913.00 0.165934
913.20 0.166238
913.30 0.166330
913.50 0.166198
913.70 0.165934
913.80 0.165947
914.00 0.166092
914.20 0.166119
914.30 0.165788
914.50 0.165498
914.60 0.166066
914.80 0.166039
915.00 0.165577
915.10 0.165194
915.30 0.165339
915.40 0.165590
915.60 0.165749
915.80 0.165735
915.90 0.165101
916.10 0.164586
916.30 0.164533
916.40 0.164691
916.60 0.164757
916.70 0.165312
916.90 0.165339
917.10 0.165405
917.20 0.165484
917.40 0.164903
917.50 0.164559
917.70 0.164599
917.90 0.165114
918.00 0.165656
918.20 0.165550
918.40 0.165352
918.50 0.164823
918.70 0.164546
918.80 0.164969
919.00 0.165207
919.20 0.164387
919.30 0.164096
919.50 0.164519
919.70 0.164559
919.80 0.164176
920.00 0.164149
920.20 0.164612
920.30 0.164771
920.50 0.164731
920.60 0.164374
920.80 0.164070
921.00 0.164176
921.10 0.164440
921.30 0.164321
921.50 0.163938
921.60 0.164176
921.80 0.164533
922.00 0.164519
922.10 0.164440
922.30 0.164268
922.40 0.163819
922.60 0.163898
922.80 0.163925
922.90 0.163832
923.10 0.163475
923.30 0.163211
923.40 0.163621
923.60 0.163938
923.80 0.163977
923.90 0.163911
924.10 0.163607
924.30 0.163436
924.40 0.163449
924.60 0.163766
924.70 0.163713
924.90 0.162960
925.10 0.163013
925.20 0.163568
925.40 0.163660
925.60 0.163607
925.70 0.163462
925.90 0.163621
926.10 0.163528
926.20 0.163132
926.40 0.163158
926.60 0.163224
926.70 0.163171
926.90 0.163039
927.10 0.162788
927.20 0.162841
927.40 0.162537
927.60 0.162484
927.70 0.162524
927.90 0.162431
928.00 0.162220
928.20 0.162127
928.40 0.162457
928.50 0.163026
928.70 0.162814
928.90 0.162550
929.00 0.162444
929.20 0.162524
929.40 0.162629
929.50 0.162960
929.70 0.163026
929.90 0.162880
930.00 0.162616
930.20 0.162484
930.40 0.162431
930.50 0.162563
930.70 0.162431
930.90 0.162180
931.00 0.162299
931.20 0.162457
931.40 0.162484
931.60 0.162233
931.70 0.162061
931.90 0.162220
932.10 0.162087
932.20 0.162312
932.40 0.162365
932.60 0.162008
932.70 0.161664
932.90 0.161651
933.10 0.162021
933.20 0.161836
933.40 0.161387
933.60 0.161836
933.70 0.161902
933.90 0.161281
934.10 0.161228
934.20 0.161585
934.40 0.161572
934.60 0.161427
934.80 0.161241
934.90 0.161149
935.10 0.161268
935.30 0.161519
935.40 0.161453
935.60 0.161413
935.80 0.161466
935.90 0.161281
936.10 0.161056
936.30 0.161070
936.40 0.161175
936.60 0.161255
936.80 0.161387
936.90 0.161281
937.10 0.160990
937.30 0.160660
937.50 0.160554
937.60 0.160779
937.80 0.160911
938.00 0.160911
938.10 0.160937
938.30 0.161017
938.50 0.160805
938.60 0.160396
938.80 0.160660
939.00 0.160620
939.20 0.160158
939.30 0.160316
939.50 0.160382
939.70 0.160263
939.80 0.160369
940.00 0.160528
940.20 0.159986
940.30 0.159642
940.50 0.159774
940.70 0.160277
940.80 0.160475
941.00 0.160263
941.20 0.160184
941.40 0.160343
941.50 0.160501
941.70 0.160396
941.90 0.160277
942.00 0.160078
942.20 0.159814
942.40 0.159721
942.60 0.159735
942.70 0.159695
942.90 0.159642
943.10 0.159484
943.30 0.159285
943.40 0.159457
943.60 0.159814
943.80 0.159906
943.90 0.159576
944.10 0.159484
944.30 0.159616
944.50 0.159563
944.60 0.159365
944.80 0.159061
945.00 0.159061
945.10 0.159074
945.30 0.158994
945.50 0.159246
945.70 0.159232
945.80 0.159206
946.00 0.158968
946.20 0.158915
946.30 0.159034
946.50 0.158968
946.70 0.159193
946.90 0.159074
947.00 0.158664
947.20 0.158770
947.40 0.158928
947.60 0.158796
947.70 0.158664
947.90 0.158638
948.10 0.158770
948.30 0.158690
948.40 0.158730
948.60 0.158757
948.80 0.158783
949.00 0.158783
949.10 0.158532
949.30 0.158545
949.50 0.158572
949.60 0.158730
949.80 0.158968
950.00 0.158836
950.20 0.158532
950.30 0.158201
950.50 0.158281
950.70 0.158505
950.90 0.158360
951.00 0.158307
951.20 0.158294
951.40 0.158334
951.60 0.158466
951.70 0.158400
951.90 0.158149
952.10 0.157765
952.30 0.157818
952.40 0.158215
952.60 0.158030
952.80 0.157937
953.00 0.157845
953.10 0.157699
953.30 0.157911
953.50 0.158016
953.70 0.157871
953.80 0.157845
954.00 0.157541
954.20 0.157237
954.40 0.157237
954.50 0.157435
954.70 0.157659
954.90 0.157382
955.10 0.157223
955.20 0.157567
955.40 0.157686
955.60 0.157104
955.80 0.156946
956.00 0.157091
956.10 0.157104
956.30 0.157289
956.50 0.157184
956.70 0.156972
956.80 0.156840
957.00 0.156880
957.20 0.156919
957.40 0.157263
957.50 0.157342
957.70 0.157223
957.90 0.157012
958.10 0.156814
958.20 0.156853
958.40 0.156840
958.60 0.156668
958.80 0.156734
959.00 0.156787
959.10 0.156774
959.30 0.156576
959.50 0.156351
959.70 0.156391
959.80 0.156417
960.00 0.156457
960.20 0.156510
960.40 0.156404
960.50 0.156179
960.70 0.156021
960.90 0.156179
961.10 0.156192
961.30 0.156192
961.40 0.156219
961.60 0.156139
961.80 0.156364
962.00 0.156351
962.20 0.156113
962.30 0.155981
962.50 0.156007
962.70 0.156232
962.90 0.156338
963.00 0.156338
963.20 0.156047
963.40 0.155954
963.60 0.156192
963.80 0.156258
963.90 0.155809
964.10 0.155650
964.30 0.155664
964.50 0.155624
964.70 0.155690
964.80 0.155743
965.00 0.155902
965.20 0.155849
965.40 0.155941
965.60 0.155994
965.70 0.156126
965.90 0.155954
966.10 0.155611
966.30 0.155505
966.50 0.155333
966.60 0.155148
966.80 0.155201
967.00 0.155624
967.20 0.155769
967.40 0.155650
967.50 0.155373
967.70 0.155148
967.90 0.155135
968.10 0.155029
968.30 0.154910
968.40 0.154963
968.60 0.155161
968.80 0.155346
969.00 0.155346
969.20 0.155095
969.30 0.154990
969.50 0.154990
969.70 0.154937
969.90 0.155003
970.10 0.155056
970.30 0.154950
970.40 0.154923
970.60 0.154950
970.80 0.154963
971.00 0.154871
971.20 0.154619
971.30 0.154342
971.50 0.154249
971.70 0.154553
971.90 0.154514
972.10 0.154500
972.30 0.154421
972.40 0.154263
972.60 0.154315
972.80 0.154342
973.00 0.154302
973.20 0.153985
973.30 0.154223
973.50 0.154276
973.70 0.154078
973.90 0.153972
974.10 0.154051
974.30 0.154342
974.50 0.154289
974.60 0.153998
974.80 0.153549
975.00 0.153549
975.20 0.153787
975.40 0.153826
975.50 0.153826
975.70 0.153840
975.90 0.153840
976.10 0.153892
976.30 0.153879
976.50 0.153628
976.70 0.153509
976.80 0.153377
977.00 0.153258
977.20 0.153562
977.40 0.153721
977.60 0.153668
977.80 0.153588
977.90 0.153641
978.10 0.153707
978.30 0.153668
978.50 0.153536
978.70 0.153364
978.90 0.153192
979.00 0.153179
979.20 0.153298
979.40 0.153192
979.60 0.152888
979.80 0.152888
980.00 0.153232
980.20 0.153390
980.30 0.153245
980.50 0.153126
980.70 0.153113
980.90 0.152928
981.10 0.152994
981.30 0.152941
981.50 0.152941
981.70 0.153126
981.80 0.153192
982.00 0.153033
982.20 0.153113
982.40 0.153232
982.60 0.152901
982.80 0.152557
983.00 0.152690
983.10 0.153007
983.30 0.153099
983.50 0.152994
983.70 0.152769
983.90 0.152624
984.10 0.152848
984.30 0.152980
984.40 0.152769
984.60 0.152650
984.80 0.152703
985.00 0.152690
985.20 0.152557
985.40 0.152359
985.60 0.152412
985.80 0.152531
985.90 0.152452
986.10 0.152306
986.30 0.152386
986.50 0.152280
986.70 0.152095
986.90 0.152267
987.10 0.152544
987.30 0.152333
987.40 0.151976
987.60 0.151976
987.80 0.152095
988.00 0.152267
988.20 0.152187
988.40 0.151989
988.60 0.151949
988.80 0.151791
989.00 0.151725
989.10 0.151936
989.30 0.152135
989.50 0.152042
989.70 0.151791
989.90 0.151619
990.10 0.151593
990.30 0.151474
990.50 0.151751
990.70 0.151936
990.80 0.151910
991.00 0.151712
991.20 0.151513
991.40 0.151685
991.60 0.151725
991.80 0.151579
992.00 0.151606
992.20 0.151540
992.40 0.151381
992.50 0.151460
992.70 0.151421
992.90 0.151236
993.10 0.151275
993.30 0.151289
993.50 0.151275
993.70 0.151421
993.90 0.151421
994.10 0.151341
994.30 0.151262
994.50 0.151064
994.60 0.151090
994.80 0.151249
995.00 0.151394
995.20 0.151394
995.40 0.151275
995.60 0.151275
995.80 0.151183
996.00 0.151223
996.20 0.151223
996.40 0.151117
996.50 0.151037
996.70 0.151024
996.90 0.150932
997.10 0.150535
997.30 0.150707
997.50 0.150919
997.70 0.150694
997.90 0.150813
998.10 0.151156
998.30 0.151156
998.50 0.150813
998.70 0.150800
998.90 0.150879
999.00 0.150760
999.20 0.150760
999.40 0.150707
999.60 0.150628
999.80 0.150535
1000.00 0.150601
1000.20 0.150601
1000.40 0.150522
1000.60 0.150469
1000.80 0.150125
1001.00 0.150311
1001.20 0.150681
1001.40 0.150390
1001.60 0.150416
1001.80 0.150694
1001.90 0.150786
1002.10 0.150562
1002.30 0.150377
1002.50 0.150615
1002.70 0.150654
1002.90 0.150482
1003.10 0.150429
1003.30 0.150271
1003.50 0.150284
1003.70 0.150192
1003.90 0.150152
1004.10 0.150139
1004.30 0.149980
1004.50 0.149980
1004.70 0.149967
1004.90 0.149914
1005.00 0.150073
1005.30 0.150178
1005.40 0.150086
1005.60 0.150192
1005.80 0.150165
1006.00 0.149967
1006.20 0.149993
1006.40 0.150073
1006.60 0.149980
1006.80 0.149980
1007.00 0.150020
1007.20 0.150086
1007.40 0.150059
1007.60 0.149940
1007.80 0.149821
1008.00 0.149835
1008.20 0.149795
1008.40 0.149636
1008.60 0.149636
1008.80 0.149610
1009.00 0.149663
1009.20 0.149755
1009.40 0.149650
1009.50 0.149663
1009.80 0.149689
1010.00 0.149623
1010.10 0.149636
1010.30 0.149636
1010.50 0.149769
1010.70 0.149874
1010.90 0.149835
1011.10 0.149716
1011.30 0.149663
1011.50 0.149650
1011.70 0.149716
1011.90 0.149729
1012.10 0.149438
1012.30 0.149293
1012.50 0.149491
1012.70 0.149769
1012.90 0.149689
1013.10 0.149385
1013.30 0.149385
1013.50 0.149346
1013.70 0.149280
1013.90 0.149346
1014.10 0.149438
1014.30 0.149531
1014.50 0.149517
1014.70 0.149425
1014.90 0.149293
1015.10 0.149306
1015.30 0.149372
1015.50 0.149438
1015.70 0.149306
1015.90 0.149187
1016.10 0.149227
1016.30 0.149319
1016.50 0.149306
1016.70 0.149346
1016.90 0.149306
1017.10 0.149108
1017.30 0.148989
1017.50 0.149108
1017.70 0.149147
1017.90 0.149161
1018.10 0.149094
1018.30 0.149042
1018.50 0.149121
1018.70 0.149200
1018.90 0.149081
1019.10 0.148989
1019.30 0.149147
1019.50 0.149187
1019.70 0.148989
1019.90 0.148817
1020.10 0.148909
1020.30 0.149055
1020.50 0.149147
1020.70 0.148936
1020.90 0.148909
1021.10 0.148777
1021.30 0.148777
1021.50 0.148909
1021.70 0.148817
1021.90 0.148896
1022.10 0.148909
1022.30 0.148790
1022.50 0.148658
1022.70 0.148473
1022.90 0.148579
1023.10 0.148724
1023.30 0.148526
1023.50 0.148447
1023.70 0.148473
1023.90 0.148579
1024.10 0.148685
1024.30 0.148632
1024.50 0.148566
1024.70 0.148592
1024.90 0.148539
1025.10 0.148632
1025.30 0.148870
1025.50 0.148790
1025.70 0.148909
1025.90 0.148870
1026.10 0.148883
1026.30 0.148909
1026.50 0.148738
1026.80 0.148685
1026.90 0.148685
1027.20 0.148804
1027.40 0.148790
1027.60 0.148645
1027.80 0.148764
1028.00 0.148817
1028.20 0.148672
1028.40 0.148658
1028.60 0.148711
1028.80 0.148447
1029.00 0.148447
1029.20 0.148592
1029.40 0.148539
1029.60 0.148658
1029.80 0.148658
1030.00 0.148381
1030.20 0.148249
1030.40 0.148368
1030.60 0.148473
1030.80 0.148553
1031.00 0.148592
1031.20 0.148447
1031.40 0.148460
1031.70 0.148513
1031.80 0.148486
1032.10 0.148513
1032.30 0.148658
1032.50 0.148724
1032.70 0.148632
1032.90 0.148526
1033.10 0.148500
1033.30 0.148645
1033.50 0.148672
1033.70 0.148566
1033.90 0.148500
1034.10 0.148526
1034.30 0.148354
1034.50 0.148143
1034.70 0.148222
1034.90 0.148447
1035.20 0.148328
1035.40 0.148275
1035.60 0.148473
1035.80 0.148645
1036.00 0.148539
1036.20 0.148394
1036.40 0.148526
1036.60 0.148526
1036.80 0.148354
1037.00 0.148301
1037.20 0.148354
1037.40 0.148420
1037.60 0.148500
1037.80 0.148486
1038.10 0.148341
1038.30 0.148196
1038.50 0.148209
1038.70 0.148381
1038.90 0.148619
1039.10 0.148672
1039.30 0.148513
1039.50 0.148328
1039.70 0.148169
1039.90 0.148209
1040.10 0.148301
1040.30 0.148315
1040.60 0.148288
1040.80 0.148315
1041.00 0.148539
1041.20 0.148579
1041.40 0.148513
1041.60 0.148658
1041.80 0.148539
1042.00 0.148407
1042.20 0.148381
1042.40 0.148249
1042.60 0.148301
1042.80 0.148434
1043.10 0.148460
1043.30 0.148566
1043.50 0.148672
1043.70 0.148619
1043.90 0.148539
1044.10 0.148473
1044.30 0.148460
1044.50 0.148500
1044.80 0.148539
1045.00 0.148605
1045.20 0.148500
1045.40 0.148301
1045.60 0.148473
1045.80 0.148698
1046.00 0.148605
1046.20 0.148473
1046.40 0.148368
1046.60 0.148434
1046.90 0.148645
1047.10 0.148804
1047.30 0.148817
1047.50 0.148777
1047.70 0.148698
1047.90 0.148645
1048.10 0.148698
1048.30 0.148817
1048.60 0.148711
1048.80 0.148605
1049.00 0.148592
1049.20 0.148553
1049.40 0.148605
1049.60 0.148619
1049.80 0.148513
1050.00 0.148566
1050.30 0.148619
1050.50 0.148579
1050.70 0.148619
1050.90 0.148579
1051.10 0.148579
1051.30 0.148605
1051.50 0.148658
1051.70 0.148711
1051.90 0.148843
1052.20 0.148751
1052.40 0.148632
1052.60 0.148645
1052.80 0.148698
1053.00 0.148658
1053.20 0.148843
1053.40 0.148936
1053.70 0.148830
1053.90 0.148790
1054.10 0.148764
1054.30 0.148751
1054.50 0.148672
1054.70 0.148711
1054.90 0.148830
1055.20 0.148804
1055.40 0.148685
1055.60 0.148579
1055.80 0.148751
1056.00 0.148949
1056.20 0.148936
1056.40 0.148883
1056.70 0.148790
1056.90 0.148843
1057.10 0.148949
1057.30 0.148896
1057.50 0.148923
1057.80 0.149121
1058.00 0.149042
1058.20 0.148896
1058.40 0.148976
1058.60 0.148870
1058.80 0.148923
1059.00 0.149081
1059.30 0.149042
1059.50 0.149002
1059.70 0.149134
1059.90 0.149385
1060.10 0.149280
1060.30 0.149293
1060.60 0.149293
1060.80 0.149121
1061.00 0.148962
1061.20 0.149055
1061.40 0.149134
1061.70 0.149042
1061.90 0.149028
1062.10 0.149068
1062.30 0.149240
1062.50 0.149306
1062.70 0.149346
1062.90 0.149385
1063.20 0.149359
1063.40 0.149293
1063.60 0.149346
1063.80 0.149398
1064.00 0.149266
1064.30 0.149319
1064.50 0.149346
1064.70 0.149319
1064.90 0.149332
1065.10 0.149359
1065.30 0.149332
1065.60 0.149438
1065.80 0.149491
1066.00 0.149623
1066.20 0.149742
1066.40 0.149716
1066.70 0.149636
1066.90 0.149689
1067.10 0.149729
1067.30 0.149729
1067.60 0.149782
1067.80 0.149821
1068.00 0.149861
1068.20 0.149980
1068.40 0.149980
1068.70 0.150006
1068.90 0.149927
1069.10 0.149821
1069.30 0.150086
1069.50 0.150125
1069.80 0.150073
1070.00 0.150099
1070.20 0.150086
1070.40 0.150059
1070.60 0.149914
1070.80 0.149888
1071.10 0.150139
1071.30 0.150350
1071.50 0.150363
1071.70 0.150165
1072.00 0.150059
1072.20 0.150112
1072.40 0.150139
1072.60 0.150125
1072.80 0.150297
1073.10 0.150311
1073.30 0.150218
1073.50 0.150350
1073.70 0.150482
1074.00 0.150403
1074.20 0.150363
1074.40 0.150522
1074.60 0.150496
1074.80 0.150509
1075.10 0.150535
1075.30 0.150522
1075.50 0.150601
1075.70 0.150615
1076.00 0.150654
1076.20 0.150654
1076.40 0.150747
1076.60 0.150879
1076.90 0.150852
1077.10 0.150773
1077.30 0.150826
1077.50 0.150839
1077.80 0.150826
1078.00 0.150813
1078.20 0.150707
1078.40 0.150694
1078.70 0.150800
1078.90 0.150919
1079.10 0.151051
1079.30 0.150985
1079.60 0.150958
1079.80 0.151117
1080.00 0.151183
1080.20 0.151209
1080.40 0.151143
1080.70 0.151117
1080.90 0.151143
1081.10 0.151143
1081.30 0.151183
1081.60 0.151289
1081.80 0.151302
1082.00 0.151262
1082.30 0.151289
1082.50 0.151209
1082.70 0.151196
1082.90 0.151315
1083.20 0.151434
1083.40 0.151553
1083.60 0.151566
1083.80 0.151540
1084.10 0.151606
1084.30 0.151619
1084.50 0.151513
1084.80 0.151553
1085.00 0.151698
1085.20 0.151791
1085.40 0.151857
1085.70 0.151936
1085.90 0.151936
1086.10 0.151949
1086.30 0.151923
1086.60 0.152016
1086.80 0.152121
1087.00 0.152214
1087.30 0.152333
1087.50 0.152267
1087.70 0.152042
1087.90 0.152016
1088.20 0.152068
1088.40 0.152135
1088.60 0.152187
1088.80 0.152174
1089.10 0.152214
1089.30 0.152386
1089.50 0.152557
1089.80 0.152491
1090.00 0.152412
1090.20 0.152531
1090.40 0.152610
1090.70 0.152610
1090.90 0.152544
1091.10 0.152518
1091.40 0.152584
1091.60 0.152544
1091.80 0.152610
1092.10 0.152729
1092.30 0.152743
1092.50 0.152809
1092.80 0.152716
1093.00 0.152690
1093.20 0.152861
1093.40 0.152875
1093.70 0.152967
1093.90 0.153152
1094.10 0.153284
1094.40 0.153324
1094.60 0.153232
1094.80 0.153218
1095.10 0.153232
1095.30 0.153324
1095.50 0.153390
1095.80 0.153509
1096.00 0.153536
1096.20 0.153536
1096.40 0.153655
1096.70 0.153694
1096.90 0.153615
1097.10 0.153694
1097.40 0.153747
1097.60 0.153707
1097.80 0.153628
1098.10 0.153655
1098.30 0.153840
1098.50 0.153959
1098.80 0.153879
1099.00 0.153919
1099.20 0.154051
1099.50 0.154144
1099.70 0.154157
1099.90 0.154078
1100.20 0.153906
1100.40 0.153959
1100.60 0.154130
1100.90 0.154130
1101.10 0.154117
1101.30 0.154289
1101.60 0.154461
1101.80 0.154593
1102.00 0.154672
1102.30 0.154540
1102.50 0.154514
1102.70 0.154672
1103.00 0.154646
1103.20 0.154461
1103.40 0.154500
1103.70 0.154619
1103.90 0.154633
1104.20 0.154725
1104.40 0.154844
1104.60 0.154923
1104.90 0.154884
1105.10 0.154963
1105.30 0.155029
1105.60 0.154884
1105.80 0.154884
1106.00 0.154897
1106.30 0.155003
1106.50 0.155175
1106.70 0.155307
1107.00 0.155346
1107.20 0.155294
1107.40 0.155399
1107.70 0.155518
1107.90 0.155465
1108.20 0.155479
1108.40 0.155531
1108.60 0.155492
1108.90 0.155505
1109.10 0.155492
1109.30 0.155584
1109.60 0.155716
1109.80 0.155664
1110.10 0.155518
1110.30 0.155545
1110.50 0.155822
1110.80 0.155981
1111.00 0.155928
1111.30 0.155968
1111.50 0.156021
1111.70 0.156126
1112.00 0.156232
1112.20 0.156126
1112.40 0.156179
1112.70 0.156325
1112.90 0.156351
1113.20 0.156430
1113.40 0.156443
1113.60 0.156457
1113.90 0.156457
1114.10 0.156523
1114.30 0.156602
1114.60 0.156695
1114.80 0.156814
1115.10 0.156747
1115.30 0.156774
1115.60 0.156840
1115.80 0.156814
1116.00 0.156747
1116.30 0.156721
1116.50 0.156708
1116.80 0.156840
1117.00 0.157038
1117.20 0.157184
1117.50 0.157157
1117.70 0.157065
1118.00 0.157118
1118.20 0.157144
1118.40 0.157144
1118.70 0.157289
1118.90 0.157448
1119.20 0.157422
1119.40 0.157342
1119.70 0.157342
1119.90 0.157435
1120.10 0.157620
1120.40 0.157620
1120.60 0.157567
1120.90 0.157593
1121.10 0.157593
1121.30 0.157673
1121.60 0.157818
1121.80 0.157884
1122.10 0.157845
1122.30 0.157778
1122.60 0.157805
1122.80 0.157858
1123.00 0.158003
1123.30 0.158043
1123.50 0.157990
1123.80 0.158122
1124.00 0.158175
1124.30 0.158175
1124.50 0.158135
1124.80 0.158109
1125.00 0.158267
1125.20 0.158479
1125.50 0.158519
1125.70 0.158598
1126.00 0.158585
1126.20 0.158638
1126.50 0.158638
1126.70 0.158717
1126.90 0.158730
1127.20 0.158638
1127.40 0.158624
1127.70 0.158677
1127.90 0.158809
1128.20 0.158849
1128.40 0.158889
1128.70 0.158849
1128.90 0.158902
1129.20 0.159140
1129.40 0.159272
1129.70 0.159219
1129.90 0.159193
1130.10 0.159272
1130.40 0.159365
1130.60 0.159365
1130.90 0.159272
1131.10 0.159219
1131.40 0.159338
1131.60 0.159431
1131.90 0.159457
1132.10 0.159497
1132.40 0.159602
1132.60 0.159708
1132.90 0.159748
1133.10 0.159695
1133.30 0.159629
1133.60 0.159682
1133.80 0.159827
1134.10 0.159893
1134.30 0.159920
1134.60 0.159920
1134.80 0.159906
1135.10 0.159986
1135.30 0.160158
1135.60 0.160250
1135.80 0.160263
1136.10 0.160250
1136.30 0.160237
1136.60 0.160224
1136.80 0.160263
1137.10 0.160382
1137.30 0.160581
1137.60 0.160647
1137.80 0.160581
1138.10 0.160594
1138.30 0.160620
1138.60 0.160528
1138.80 0.160581
1139.10 0.160726
1139.30 0.160805
1139.60 0.160924
1139.80 0.161004
1140.10 0.160911
1140.30 0.160752
1140.60 0.160911
1140.80 0.161070
1141.10 0.161030
1141.30 0.161017
1141.60 0.160990
1141.80 0.160977
1142.10 0.161070
1142.30 0.161122
1142.60 0.161136
1142.80 0.161215
1143.10 0.161321
1143.30 0.161374
1143.60 0.161413
1143.90 0.161532
1144.10 0.161678
1144.40 0.161651
1144.60 0.161585
1144.90 0.161625
1145.10 0.161678
1145.40 0.161744
1145.60 0.161797
1145.90 0.161770
1146.10 0.161797
1146.40 0.161876
1146.60 0.161942
1146.90 0.161995
1147.20 0.161955
1147.40 0.161942
1147.70 0.162008
1147.90 0.162087
1148.20 0.162127
1148.40 0.162153
1148.70 0.162246
1148.90 0.162299
1149.20 0.162312
1149.40 0.162286
1149.70 0.162286
1149.90 0.162391
1150.20 0.162391
1150.40 0.162405
1150.70 0.162484
1151.00 0.162537
1151.20 0.162563
1151.50 0.162603
1151.70 0.162563
1152.00 0.162563
1152.20 0.162656
1152.50 0.162854
1152.80 0.162933
1153.00 0.162880
1153.30 0.162960
1153.50 0.162973
1153.80 0.162986
1154.00 0.163079
1154.30 0.163132
1154.60 0.163105
1154.80 0.163092
1155.10 0.163105
1155.30 0.163184
1155.60 0.163303
1155.80 0.163369
1156.10 0.163436
1156.40 0.163449
1156.60 0.163449
1156.90 0.163488
1157.10 0.163475
1157.40 0.163541
1157.70 0.163634
1157.90 0.163687
1158.20 0.163607
1158.40 0.163541
1158.70 0.163647
1158.90 0.163806
1159.20 0.163832
1159.50 0.163845
1159.70 0.163845
1160.00 0.163845
1160.20 0.163898
1160.50 0.163938
1160.80 0.164083
1161.00 0.164083
1161.30 0.164110
1161.50 0.164229
1161.80 0.164163
1162.10 0.164136
1162.30 0.164189
1162.60 0.164255
1162.80 0.164268
1163.10 0.164295
1163.40 0.164374
1163.60 0.164400
1163.90 0.164440
1164.20 0.164519
1164.40 0.164572
1164.70 0.164493
1164.90 0.164480
1165.20 0.164625
1165.40 0.164718
1165.70 0.164837
1166.00 0.164823
1166.20 0.164784
1166.50 0.164784
1166.80 0.164850
1167.00 0.164982
1167.30 0.165075
1167.60 0.165114
1167.80 0.165154
1168.10 0.165141
1168.30 0.165180
1168.60 0.165233
1168.90 0.165194
1169.10 0.165141
1169.40 0.165141
1169.70 0.165154
1169.90 0.165246
1170.20 0.165352
1170.40 0.165379
1170.70 0.165498
1171.00 0.165524
1171.30 0.165405
1171.50 0.165445
1171.80 0.165590
1172.00 0.165656
1172.30 0.165696
1172.60 0.165735
1172.80 0.165749
1173.10 0.165709
1173.40 0.165762
1173.60 0.165868
1173.90 0.165868
1174.20 0.165894
1174.40 0.166026
1174.70 0.166106
1175.00 0.166106
1175.20 0.166039
1175.50 0.166079
1175.80 0.166172
1176.00 0.166224
1176.30 0.166330
1176.60 0.166343
1176.80 0.166264
1177.10 0.166343
1177.40 0.166476
1177.60 0.166595
1177.90 0.166581
1178.20 0.166581
1178.40 0.166568
1178.70 0.166621
1179.00 0.166714
1179.20 0.166727
1179.50 0.166753
1179.80 0.166806
1180.00 0.166793
1180.30 0.166819
1180.60 0.166899
1180.80 0.166925
1181.10 0.166912
1181.40 0.166951
1181.70 0.167057
1181.90 0.167084
1182.20 0.167110
1182.50 0.167163
1182.70 0.167216
1183.00 0.167176
1183.30 0.167137
1183.50 0.167242
1183.80 0.167255
1184.10 0.167269
1184.40 0.167374
1184.60 0.167454
1184.90 0.167480
1185.20 0.167520
1185.40 0.167467
1185.70 0.167507
1186.00 0.167573
1186.30 0.167626
1186.50 0.167533
1186.80 0.167573
1187.10 0.167678
1187.30 0.167758
1187.60 0.167784
1187.90 0.167758
1188.20 0.167877
1188.40 0.167956
1188.70 0.167930
1189.00 0.167996
1189.30 0.168049
1189.50 0.168062
1189.80 0.167996
1190.10 0.168009
1190.30 0.168088
1190.60 0.168154
1190.90 0.168220
1191.20 0.168286
1191.40 0.168286
1191.70 0.168286
1192.00 0.168339
1192.30 0.168485
1192.50 0.168498
1192.80 0.168405
1193.10 0.168485
1193.30 0.168630
1193.60 0.168564
1193.90 0.168577
1194.20 0.168630
1194.40 0.168670
1194.70 0.168749
1195.00 0.168815
1195.30 0.168855
1195.60 0.168815
1195.80 0.168881
1196.10 0.168961
1196.40 0.168881
1196.70 0.168908
1196.90 0.168961
1197.20 0.169000
1197.50 0.169079
1197.80 0.169146
1198.00 0.169119
1198.30 0.169185
1198.60 0.169212
1198.90 0.169172
1199.20 0.169212
1199.40 0.169304
1199.70 0.169370
1200.00 0.169450
1200.30 0.169476
1200.50 0.169463
1200.80 0.169410
1201.10 0.169450
1201.40 0.169489
1201.70 0.169582
1201.90 0.169529
1202.20 0.169569
1202.50 0.169661
1202.80 0.169727
1203.00 0.169767
1203.30 0.169806
1203.60 0.169846
1203.90 0.169846
1204.20 0.169899
1204.40 0.170005
1204.70 0.170031
1205.00 0.170110
1205.30 0.170229
1205.60 0.170150
1205.80 0.170097
1206.10 0.170137
1206.40 0.170216
1206.70 0.170296
1207.00 0.170269
1207.20 0.170335
1207.50 0.170375
1207.80 0.170428
1208.10 0.170533
1208.40 0.170533
1208.70 0.170441
1208.90 0.170454
1209.20 0.170560
1209.50 0.170679
1209.80 0.170613
1210.10 0.170560
1210.30 0.170600
1210.60 0.170666
1210.90 0.170692
1211.20 0.170798
1211.50 0.170917
1211.80 0.170851
1212.00 0.170837
1212.30 0.170811
1212.60 0.170890
1212.90 0.171009
1213.20 0.171062
1213.50 0.171062
1213.70 0.171128
1214.00 0.171221
1214.30 0.171221
1214.60 0.171260
1214.90 0.171260
1215.20 0.171247
1215.40 0.171287
1215.70 0.171393
1216.00 0.171512
1216.30 0.171485
1216.60 0.171459
1216.90 0.171564
1217.20 0.171591
1217.40 0.171591
1217.70 0.171657
1218.00 0.171697
1218.30 0.171697
1218.60 0.171723
1218.90 0.171816
1219.20 0.171868
1219.40 0.171816
1219.70 0.171842
1220.00 0.171882
1220.30 0.171948
1220.60 0.172027
1220.90 0.172106
1221.20 0.172067
1221.50 0.172093
1221.80 0.172238
1222.00 0.172265
1222.30 0.172305
1222.60 0.172318
1222.90 0.172344
1223.20 0.172397
1223.50 0.172384
1223.80 0.172357
1224.10 0.172450
1224.30 0.172490
1224.60 0.172503
1224.90 0.172529
1225.20 0.172569
1225.50 0.172635
1225.80 0.172635
1226.10 0.172648
1226.40 0.172728
1226.70 0.172820
1227.00 0.172833
1227.30 0.172873
1227.50 0.172873
1227.80 0.172860
1228.10 0.172939
1228.40 0.172913
1228.70 0.172965
1229.00 0.173164
1229.30 0.173190
1229.60 0.173124
1229.90 0.173283
1230.20 0.173402
1230.40 0.173336
1230.70 0.173269
1231.00 0.173309
1231.30 0.173388
1231.60 0.173415
1231.90 0.173388
1232.20 0.173494
1232.50 0.173626
1232.80 0.173626
1233.10 0.173613
1233.40 0.173640
1233.70 0.173732
1234.00 0.173772
1234.30 0.173732
1234.60 0.173732
1234.80 0.173825
1235.10 0.173877
1235.40 0.173930
1235.70 0.174089
1236.00 0.174063
1236.30 0.174010
1236.60 0.174063
1236.90 0.174115
1237.20 0.174129
1237.50 0.174168
1237.80 0.174248
1238.10 0.174340
1238.40 0.174327
1238.70 0.174287
1239.00 0.174327
1239.30 0.174353
1239.60 0.174406
1239.90 0.174538
1240.20 0.174604
1240.50 0.174618
1240.80 0.174604
1241.10 0.174657
1241.30 0.174710
1241.70 0.174723
1241.90 0.174789
1242.20 0.174829
1242.50 0.174961
1242.80 0.175067
1243.10 0.174988
1243.40 0.174895
1243.70 0.175014
1244.00 0.175107
1244.30 0.175054
1244.60 0.175080
1244.90 0.175226
1245.20 0.175318
1245.50 0.175358
1245.80 0.175358
1246.10 0.175371
1246.40 0.175398
1246.70 0.175398
1247.00 0.175477
1247.30 0.175530
1247.60 0.175543
1247.90 0.175609
1248.20 0.175662
1248.50 0.175702
1248.80 0.175741
1249.10 0.175741
1249.40 0.175754
1249.70 0.175847
1250.00 0.175900
1250.30 0.175834
1250.60 0.175873
1250.90 0.175992
1251.20 0.176058
1251.50 0.176164
1251.80 0.176270
1252.10 0.176310
1252.40 0.176270
1252.80 0.176243
1253.10 0.176270
1253.30 0.176336
1253.70 0.176376
1254.00 0.176415
1254.30 0.176481
1254.60 0.176508
1254.90 0.176561
1255.20 0.176574
1255.50 0.176614
1255.80 0.176627
1256.10 0.176719
1256.40 0.176851
1256.70 0.176838
1257.00 0.176851
1257.30 0.176878
1257.60 0.176918
1257.90 0.176944
1258.20 0.177023
1258.50 0.177089
1258.80 0.177142
1259.10 0.177155
1259.40 0.177182
1259.80 0.177248
1260.10 0.177274
1260.40 0.177301
1260.70 0.177301
1261.00 0.177354
1261.30 0.177407
1261.60 0.177446
1261.90 0.177499
1262.20 0.177539
1262.50 0.177631
1262.80 0.177671
1263.10 0.177711
1263.40 0.177711
1263.70 0.177644
1264.10 0.177671
1264.40 0.177790
1264.70 0.177843
1265.00 0.177843
1265.30 0.177909
1265.60 0.178028
1265.90 0.178134
1266.20 0.178120
1266.50 0.178120
1266.80 0.178147
1267.10 0.178173
1267.40 0.178186
1267.80 0.178200
1268.10 0.178266
1268.40 0.178385
1268.70 0.178477
1269.00 0.178543
1269.30 0.178543
1269.60 0.178557
1269.90 0.178623
1270.20 0.178702
1270.60 0.178781
1270.90 0.178913
1271.20 0.178979
1271.50 0.178993
1271.80 0.178940
1272.10 0.178953
1272.40 0.179006
1272.70 0.179059
1273.10 0.179165
1273.40 0.179257
1273.70 0.179231
1274.00 0.179217
1274.30 0.179204
1274.60 0.179310
1274.90 0.179442
1275.20 0.179482
1275.60 0.179495
1275.90 0.179521
1276.20 0.179561
1276.50 0.179601
1276.80 0.179706
1277.10 0.179746
1277.40 0.179759
1277.80 0.179746
1278.10 0.179786
1278.40 0.179891
1278.70 0.179984
1279.00 0.180050
1279.30 0.180063
1279.70 0.180063
1280.00 0.180143
1280.30 0.180182
1280.60 0.180182
1280.90 0.180275
1281.20 0.180341
1281.60 0.180367
1281.90 0.180354
1282.20 0.180341
1282.50 0.180433
1282.80 0.180513
1283.10 0.180552
1283.40 0.180632
1283.80 0.180645
1284.10 0.180632
1284.40 0.180724
1284.70 0.180803
1285.00 0.180843
1285.40 0.180962
1285.70 0.181002
1286.00 0.181002
1286.30 0.181002
1286.60 0.181068
1286.90 0.181147
1287.30 0.181174
1287.60 0.181253
1287.90 0.181359
1288.20 0.181345
1288.60 0.181359
1288.90 0.181412
1289.20 0.181372
1289.50 0.181451
1289.80 0.181557
1290.20 0.181530
1290.50 0.181530
1290.80 0.181636
1291.10 0.181663
1291.40 0.181702
1291.80 0.181782
1292.10 0.181821
1292.40 0.181874
1292.70 0.181953
1293.10 0.181993
1293.40 0.182006
1293.70 0.182072
1294.00 0.182112
1294.30 0.182178
1294.70 0.182271
1295.00 0.182271
1295.30 0.182284
1295.60 0.182403
1296.00 0.182482
1296.30 0.182548
1296.60 0.182575
1296.90 0.182548
1297.30 0.182535
1297.60 0.182548
1297.90 0.182641
1298.20 0.182786
1298.60 0.182879
1298.90 0.182892
1299.20 0.182932
1299.50 0.182984
1299.90 0.183050
1300.20 0.183169
1300.50 0.183196
1300.80 0.183183
1301.20 0.183209
1301.50 0.183236
1301.80 0.183341
1302.10 0.183421
1302.50 0.183447
1302.80 0.183460
1303.10 0.183487
1303.40 0.183526
1303.80 0.183553
1304.10 0.183645
1304.40 0.183764
1304.80 0.183777
1305.10 0.183764
1305.40 0.183830
1305.80 0.183936
1306.10 0.184015
1306.40 0.184042
1306.70 0.184015
1307.10 0.184134
1307.40 0.184227
1307.70 0.184280
1308.10 0.184359
1308.40 0.184372
1308.70 0.184319
1309.10 0.184346
1309.40 0.184491
1309.70 0.184544
1310.00 0.184637
1310.40 0.184729
1310.70 0.184729
1311.00 0.184689
1311.40 0.184769
1311.70 0.184861
1312.00 0.184835
1312.40 0.184808
1312.70 0.184927
1313.00 0.185033
1313.40 0.185020
1313.70 0.185020
1314.00 0.185139
1314.40 0.185258
1314.70 0.185337
1315.00 0.185337
1315.40 0.185350
1315.70 0.185390
1316.00 0.185469
1316.40 0.185549
1316.70 0.185668
1317.00 0.185707
1317.40 0.185668
1317.70 0.185681
1318.00 0.185760
1318.40 0.185813
1318.70 0.185879
1319.00 0.185945
1319.40 0.185972
1319.70 0.186064
1320.10 0.186223
1320.40 0.186209
1320.70 0.186170
1321.10 0.186223
1321.40 0.186315
1321.70 0.186302
1322.10 0.186342
1322.40 0.186461
1322.70 0.186513
1323.10 0.186580
1323.40 0.186632
1323.80 0.186632
1324.10 0.186751
1324.40 0.186804
1324.80 0.186804
1325.10 0.186870
1325.40 0.186923
1325.80 0.187042
1326.10 0.187082
1326.50 0.187095
1326.80 0.187161
1327.10 0.187188
1327.50 0.187188
1327.80 0.187214
1328.20 0.187267
1328.50 0.187359
1328.80 0.187478
1329.20 0.187518
1329.50 0.187597
1329.90 0.187677
1330.20 0.187716
1330.60 0.187782
1330.90 0.187809
1331.20 0.187782
1331.60 0.187822
1331.90 0.187994
1332.30 0.188100
1332.60 0.188086
1332.90 0.188100
1333.30 0.188139
1333.60 0.188232
1334.00 0.188271
1334.30 0.188258
1334.70 0.188298
1335.00 0.188324
1335.30 0.188390
1335.70 0.188496
1336.00 0.188589
1336.40 0.188628
1336.70 0.188642
1337.10 0.188668
1337.40 0.188734
1337.80 0.188813
1338.10 0.188866
1338.40 0.188893
1338.80 0.188893
1339.10 0.188972
1339.50 0.189038
1339.80 0.189104
1340.20 0.189183
1340.50 0.189263
1340.90 0.189289
1341.20 0.189276
1341.60 0.189302
1341.90 0.189355
1342.30 0.189408
1342.60 0.189514
1342.90 0.189593
1343.30 0.189646
1343.70 0.189673
1344.00 0.189739
1344.30 0.189805
1344.70 0.189818
1345.00 0.189844
1345.40 0.189990
1345.70 0.190069
1346.10 0.190056
1346.40 0.190122
1346.80 0.190135
1347.10 0.190122
1347.50 0.190254
1347.80 0.190360
1348.20 0.190294
1348.50 0.190254
1348.90 0.190320
1349.30 0.190466
1349.60 0.190598
1349.90 0.190677
1350.30 0.190703
1350.70 0.190690
1351.00 0.190730
1351.30 0.190796
1351.70 0.190902
1352.10 0.190955
1352.40 0.191021
1352.80 0.191113
1353.10 0.191140
1353.50 0.191126
1353.80 0.191113
1354.20 0.191206
1354.50 0.191338
1354.90 0.191430
1355.20 0.191470
1355.60 0.191470
1355.90 0.191536
1356.30 0.191589
1356.70 0.191695
1357.00 0.191774
1357.40 0.191708
1357.70 0.191721
1358.10 0.191787
1358.40 0.191880
1358.80 0.191999
1359.20 0.192091
1359.50 0.192091
1359.90 0.192157
1360.20 0.192263
1360.60 0.192382
1360.90 0.192435
1361.30 0.192422
1361.70 0.192488
1362.00 0.192541
1362.40 0.192607
1362.70 0.192660
1363.10 0.192620
1363.40 0.192633
1363.80 0.192699
1364.20 0.192765
1364.50 0.192871
1364.90 0.192924
1365.20 0.192937
1365.60 0.192950
1365.90 0.192990
1366.30 0.193017
1366.70 0.193069
1367.00 0.193149
1367.40 0.193215
1367.80 0.193268
1368.10 0.193334
1368.50 0.193466
1368.80 0.193479
1369.20 0.193413
1369.60 0.193466
1369.90 0.193558
1370.30 0.193611
1370.70 0.193717
1371.00 0.193783
1371.40 0.193783
1371.70 0.193810
1372.10 0.193823
1372.50 0.193836
1372.80 0.193902
1373.20 0.193955
1373.60 0.193968
1373.90 0.193995
1374.30 0.194021
1374.60 0.194074
1375.00 0.194127
1375.40 0.194114
1375.70 0.194074
1376.10 0.194114
1376.50 0.194166
1376.80 0.194180
1377.20 0.194206
1377.60 0.194259
1377.90 0.194299
1378.30 0.194285
1378.70 0.194378
1379.00 0.194431
1379.40 0.194404
1379.80 0.194431
1380.10 0.194431
1380.50 0.194444
1380.90 0.194497
1381.20 0.194523
1381.60 0.194563
1382.00 0.194629
1382.30 0.194682
1382.70 0.194761
1383.10 0.194761
1383.40 0.194788
1383.80 0.194854
1384.20 0.194973
1384.60 0.195012
1384.90 0.194986
1385.30 0.195052
1385.70 0.195158
1386.00 0.195237
1386.40 0.195237
1386.80 0.195237
1387.20 0.195343
1387.50 0.195422
1387.90 0.195422
1388.30 0.195435
1388.60 0.195528
1389.00 0.195581
1389.40 0.195581
1389.80 0.195620
1390.10 0.195673
1390.50 0.195713
1390.90 0.195753
1391.20 0.195792
1391.60 0.195805
1392.00 0.195898
1392.40 0.196004
1392.70 0.196030
1393.10 0.196096
1393.50 0.196136
1393.90 0.196176
1394.20 0.196281
1394.60 0.196361
1395.00 0.196374
1395.40 0.196387
1395.70 0.196427
1396.10 0.196493
1396.50 0.196559
1396.90 0.196612
1397.20 0.196665
1397.60 0.196757
1398.00 0.196797
1398.40 0.196863
1398.80 0.196955
1399.10 0.196995
1399.50 0.197008
1399.90 0.197048
1400.30 0.197154
1400.60 0.197246
1401.00 0.197273
1401.40 0.197392
1401.80 0.197471
1402.20 0.197484
1402.50 0.197550
1402.90 0.197629
1403.30 0.197682
1403.70 0.197696
1404.10 0.197748
1404.40 0.197788
1404.80 0.197828
1405.20 0.197828
1405.60 0.197867
1406.00 0.197973
1406.30 0.198066
1406.70 0.198171
1407.10 0.198198
1407.50 0.198251
1407.90 0.198317
1408.30 0.198330
1408.60 0.198343
1409.00 0.198396
1409.40 0.198502
1409.80 0.198608
1410.20 0.198660
1410.60 0.198687
1410.90 0.198700
1411.30 0.198700
1411.70 0.198793
1412.10 0.198898
1412.50 0.199004
1412.80 0.199031
1413.20 0.199057
1413.60 0.199083
1414.00 0.199123
1414.40 0.199229
1414.80 0.199335
1415.20 0.199387
1415.60 0.199401
1415.90 0.199414
1416.30 0.199414
1416.70 0.199480
1417.10 0.199586
1417.50 0.199691
1417.90 0.199797
1418.30 0.199784
1418.70 0.199744
1419.00 0.199837
1419.40 0.199890
1419.80 0.199916
1420.20 0.199890
1420.60 0.199929
1421.00 0.200022
1421.40 0.200088
1421.80 0.200141
1422.20 0.200194
1422.50 0.200220
1422.90 0.200207
1423.30 0.200299
1423.70 0.200405
1424.10 0.200471
1424.50 0.200551
1424.90 0.200603
1425.30 0.200617
1425.70 0.200656
1426.10 0.200749
1426.50 0.200855
1426.80 0.200934
1427.20 0.200974
1427.60 0.200960
1428.00 0.201053
1428.40 0.201132
1428.80 0.201238
1429.20 0.201383
1429.60 0.201463
1430.00 0.201555
1430.40 0.201648
1430.80 0.201621
1431.20 0.201608
1431.60 0.201753
1432.00 0.201859
1432.40 0.201899
1432.80 0.201952
1433.20 0.202071
1433.60 0.202190
1433.90 0.202216
1434.30 0.202242
1434.80 0.202335
1435.10 0.202401
1435.50 0.202441
1435.90 0.202533
1436.30 0.202599
1436.70 0.202652
1437.10 0.202731
1437.50 0.202784
1437.90 0.202877
1438.30 0.202903
1438.70 0.202969
1439.10 0.203088
1439.50 0.203141
1439.90 0.203168
1440.30 0.203287
1440.70 0.203366
1441.10 0.203379
1441.50 0.203472
1441.90 0.203577
1442.30 0.203630
1442.70 0.203696
1443.10 0.203723
1443.50 0.203789
1443.90 0.203855
1444.30 0.203829
1444.70 0.203921
1445.10 0.204066
1445.60 0.204080
1445.90 0.204066
1446.30 0.204106
1446.80 0.204159
1447.20 0.204212
1447.60 0.204344
1448.00 0.204463
1448.40 0.204542
1448.80 0.204635
1449.20 0.204595
1449.60 0.204529
1450.00 0.204622
1450.40 0.204714
1450.80 0.204741
1451.20 0.204833
1451.60 0.204899
1452.00 0.204939
1452.40 0.205045
1452.80 0.205137
1453.20 0.205150
1453.70 0.205203
1454.10 0.205216
1454.50 0.205269
1454.90 0.205322
1455.30 0.205309
1455.70 0.205401
1456.10 0.205534
1456.50 0.205600
1456.90 0.205626
1457.30 0.205653
1457.70 0.205666
1458.20 0.205745
1458.60 0.205811
1459.00 0.205904
1459.40 0.205957
1459.80 0.206009
1460.20 0.206076
1460.60 0.206115
1461.00 0.206142
1461.40 0.206168
1461.80 0.206247
1462.30 0.206287
1462.70 0.206287
1463.10 0.206353
1463.50 0.206432
1463.90 0.206485
1464.30 0.206485
1464.70 0.206551
1465.20 0.206710
1465.60 0.206763
1466.00 0.206750
1466.40 0.206776
1466.80 0.206842
1467.20 0.206895
1467.60 0.206948
1468.10 0.206948
1468.50 0.206988
1468.90 0.207067
1469.30 0.207107
1469.70 0.207186
1470.10 0.207225
1470.60 0.207305
1471.00 0.207411
1471.40 0.207450
1471.80 0.207450
1472.20 0.207556
1472.60 0.207582
1473.10 0.207556
1473.50 0.207596
1473.90 0.207648
1474.30 0.207662
1474.70 0.207781
1475.20 0.207873
1475.60 0.207926
1476.00 0.207966
1476.40 0.208032
1476.80 0.208137
1477.30 0.208190
1477.70 0.208296
1478.10 0.208296
1478.50 0.208243
1478.90 0.208323
1479.40 0.208375
1479.80 0.208375
1480.20 0.208494
1480.60 0.208587
1481.10 0.208613
1481.50 0.208679
1481.90 0.208745
1482.30 0.208825
1482.80 0.208891
1483.20 0.208931
1483.60 0.208983
1484.00 0.209036
1484.40 0.209036
1484.90 0.209102
1485.30 0.209208
1485.70 0.209314
1486.20 0.209380
1486.60 0.209433
1487.00 0.209446
1487.40 0.209472
1487.90 0.209539
1488.30 0.209565
1488.70 0.209618
1489.10 0.209684
1489.60 0.209724
1490.00 0.209790
1490.40 0.209869
1490.80 0.209922
1491.30 0.209975
1491.70 0.210014
1492.10 0.210001
1492.60 0.210107
1493.00 0.210213
1493.40 0.210292
1493.90 0.210358
1494.30 0.210345
1494.70 0.210345
1495.20 0.210424
1495.60 0.210530
1496.00 0.210570
1496.40 0.210556
1496.90 0.210622
1497.30 0.210715
1497.70 0.210768
1498.20 0.210755
1498.60 0.210807
1499.00 0.210887
1499.50 0.210953
1499.90 0.211006
1500.30 0.211019
1500.80 0.211085
1501.20 0.211151
1501.70 0.211178
1502.10 0.211244
1502.50 0.211296
1502.90 0.211389
1503.40 0.211429
1503.80 0.211389
1504.30 0.211402
1504.70 0.211482
1505.10 0.211534
1505.60 0.211587
1506.00 0.211667
1506.40 0.211706
1506.90 0.211746
1507.30 0.211759
1507.80 0.211786
1508.20 0.211825
1508.60 0.211865
1509.10 0.211957
1509.50 0.212037
1510.00 0.212050
1510.40 0.212063
1510.80 0.212156
1511.30 0.212248
1511.70 0.212235
1512.20 0.212235
1512.60 0.212288
1513.00 0.212367
1513.50 0.212407
1513.90 0.212420
1514.40 0.212433
1514.80 0.212539
1515.30 0.212658
1515.70 0.212724
1516.10 0.212711
1516.60 0.212724
1517.00 0.212830
1517.50 0.212883
1517.90 0.212883
1518.40 0.212883
1518.80 0.212922
1519.30 0.213002
1519.70 0.213028
1520.10 0.213028
1520.60 0.213121
1521.00 0.213200
1521.50 0.213239
1521.90 0.213319
1522.40 0.213345
1522.80 0.213358
1523.30 0.213398
1523.70 0.213438
1524.20 0.213477
1524.60 0.213570
1525.10 0.213649
1525.50 0.213649
1525.90 0.213715
1526.40 0.213821
1526.80 0.213834
1527.30 0.213874
1527.80 0.213940
1528.20 0.213980
1528.70 0.214033
1529.10 0.214033
1529.60 0.213953
1530.00 0.214019
1530.50 0.214099
1530.90 0.214178
1531.40 0.214231
1531.80 0.214270
1532.30 0.214337
1532.70 0.214376
1533.20 0.214389
1533.60 0.214455
1534.10 0.214482
1534.50 0.214469
1535.00 0.214482
1535.40 0.214561
1535.90 0.214654
1536.30 0.214720
1536.80 0.214707
1537.30 0.214760
1537.70 0.214852
1538.20 0.214865
1538.60 0.214931
1539.10 0.214971
1539.60 0.214971
1540.00 0.215077
1540.50 0.215103
1540.90 0.215077
1541.40 0.215169
1541.80 0.215262
1542.30 0.215301
1542.80 0.215275
1543.20 0.215315
1543.70 0.215420
1544.10 0.215460
1544.60 0.215500
1545.10 0.215566
1545.50 0.215605
1546.00 0.215645
1546.40 0.215698
1546.90 0.215698
1547.40 0.215738
1547.80 0.215777
1548.30 0.215857
1548.70 0.215936
1549.20 0.215949
1549.70 0.215976
1550.10 0.216015
1550.60 0.216055
1551.10 0.216108
1551.50 0.216147
1552.00 0.216147
1552.40 0.216187
1552.90 0.216266
1553.40 0.216293
1553.80 0.216359
1554.30 0.216398
1554.80 0.216385
1555.30 0.216398
1555.70 0.216491
1556.20 0.216531
1556.70 0.216491
1557.10 0.216517
1557.60 0.216650
1558.10 0.216729
1558.50 0.216729
1559.00 0.216729
1559.50 0.216769
1559.90 0.216861
1560.40 0.216927
1560.90 0.216967
1561.30 0.216940
1561.80 0.216954
1562.30 0.217006
1562.80 0.217073
1563.20 0.217139
1563.70 0.217192
1564.20 0.217258
1564.60 0.217310
1565.10 0.217337
1565.60 0.217403
1566.10 0.217443
1566.50 0.217443
1567.00 0.217456
1567.50 0.217535
1567.90 0.217575
1568.40 0.217615
1568.90 0.217641
1569.40 0.217707
1569.80 0.217733
1570.30 0.217773
1570.80 0.217800
1571.30 0.217866
1571.80 0.217905
1572.20 0.217932
1572.70 0.217945
1573.20 0.217971
1573.70 0.217985
1574.10 0.218011
1574.60 0.218077
1575.10 0.218117
1575.60 0.218143
1576.10 0.218183
1576.50 0.218223
1577.00 0.218249
1577.50 0.218275
1578.00 0.218315
1578.40 0.218394
1578.90 0.218447
1579.40 0.218500
1579.90 0.218579
1580.40 0.218593
1580.90 0.218593
1581.30 0.218672
1581.80 0.218725
1582.30 0.218712
1582.80 0.218698
1583.30 0.218738
1583.80 0.218804
1584.20 0.218870
1584.70 0.218949
1585.20 0.218976
1585.70 0.218949
1586.20 0.219002
1586.70 0.219095
1587.20 0.219135
1587.60 0.219161
1588.10 0.219174
1588.60 0.219187
1589.10 0.219227
1589.60 0.219267
1590.10 0.219293
1590.60 0.219306
1591.00 0.219320
1591.50 0.219399
1592.00 0.219478
1592.50 0.219531
1593.00 0.219505
1593.50 0.219505
1594.00 0.219544
1594.50 0.219544
1595.00 0.219610
1595.40 0.219690
1595.90 0.219729
1596.40 0.219756
1596.90 0.219769
1597.40 0.219782
1597.90 0.219822
1598.40 0.219835
1598.90 0.219888
1599.40 0.219967
1599.90 0.219994
1600.40 0.220020
1600.90 0.220020
1601.40 0.220047
1601.90 0.220113
1602.30 0.220152
1602.80 0.220165
1603.30 0.220192
1603.80 0.220205
1604.30 0.220245
1604.80 0.220311
1605.30 0.220324
1605.80 0.220311
1606.30 0.220443
1606.80 0.220536
1607.30 0.220509
1607.80 0.220496
1608.30 0.220562
1608.80 0.220615
1609.30 0.220628
1609.80 0.220655
1610.30 0.220694
1610.80 0.220694
1611.30 0.220694
1611.80 0.220747
1612.30 0.220826
1612.80 0.220906
1613.30 0.220959
1613.80 0.220985
1614.30 0.220985
1614.80 0.220998
1615.30 0.220985
1615.80 0.221011
1616.30 0.221025
1616.80 0.221078
1617.30 0.221104
1617.80 0.221130
1618.40 0.221170
1618.90 0.221183
1619.40 0.221183
1619.90 0.221236
1620.40 0.221276
1620.90 0.221315
1621.40 0.221355
1621.90 0.221382
1622.40 0.221421
1622.90 0.221448
1623.40 0.221461
1623.90 0.221527
1624.40 0.221619
1624.90 0.221633
1625.50 0.221633
1626.00 0.221659
1626.50 0.221672
1627.00 0.221659
1627.50 0.221712
1628.00 0.221791
1628.50 0.221831
1629.00 0.221857
1629.60 0.221857
1630.10 0.221884
1630.60 0.221923
1631.10 0.221976
1631.60 0.222029
1632.10 0.222056
1632.60 0.222082
1633.10 0.222122
1633.70 0.222161
1634.20 0.222201
1634.70 0.222214
1635.20 0.222214
1635.70 0.222254
1636.20 0.222280
1636.80 0.222280
1637.30 0.222280
1637.80 0.222320
1638.30 0.222399
1638.80 0.222452
1639.30 0.222492
1639.90 0.222505
1640.40 0.222465
1640.90 0.222479
1641.40 0.222518
1641.90 0.222558
1642.40 0.222598
1643.00 0.222650
1643.50 0.222664
1644.00 0.222743
1644.50 0.222730
1645.10 0.222716
1645.60 0.222783
1646.10 0.222835
1646.60 0.222875
1647.20 0.222915
1647.70 0.222888
1648.20 0.222875
1648.70 0.222928
1649.20 0.222981
1649.80 0.223034
1650.30 0.223060
1650.80 0.223034
1651.30 0.223034
1651.90 0.223087
1652.40 0.223153
1652.90 0.223153
1653.40 0.223192
1654.00 0.223258
1654.50 0.223298
1655.00 0.223311
1655.60 0.223338
1656.10 0.223351
1656.60 0.223338
1657.20 0.223351
1657.70 0.223377
1658.20 0.223404
1658.70 0.223457
1659.30 0.223496
1659.80 0.223510
1660.30 0.223536
1660.90 0.223523
1661.40 0.223536
1661.90 0.223562
1662.50 0.223602
1663.00 0.223642
1663.50 0.223681
1664.10 0.223734
1664.60 0.223747
1665.10 0.223761
1665.70 0.223774
1666.20 0.223827
1666.70 0.223880
1667.30 0.223880
1667.80 0.223853
1668.30 0.223880
1668.90 0.223919
1669.40 0.223999
1670.00 0.224012
1670.50 0.223999
1671.00 0.224038
1671.60 0.224051
1672.10 0.224051
1672.70 0.224078
1673.20 0.224131
1673.70 0.224131
1674.30 0.224184
1674.80 0.224210
1675.40 0.224197
1675.90 0.224237
1676.40 0.224263
1677.00 0.224289
1677.50 0.224289
1678.10 0.224329
1678.60 0.224369
1679.20 0.224395
1679.70 0.224395
1680.20 0.224422
1680.80 0.224435
1681.30 0.224435
1681.90 0.224488
1682.40 0.224541
1683.00 0.224554
1683.50 0.224580
1684.10 0.224620
1684.60 0.224633
1685.20 0.224593
1685.70 0.224607
1686.30 0.224633
1686.80 0.224659
1687.30 0.224699
1687.90 0.224699
1688.40 0.224726
1689.00 0.224805
1689.60 0.224858
1690.10 0.224831
1690.70 0.224871
1691.20 0.224911
1691.80 0.224911
1692.30 0.224924
1692.90 0.224937
1693.40 0.224990
1694.00 0.225043
1694.50 0.225043
1695.10 0.225096
1695.60 0.225096
1696.20 0.225082
1696.70 0.225135
1697.30 0.225175
1697.80 0.225175
1698.40 0.225215
1699.00 0.225267
1699.50 0.225281
1700.10 0.225267
1700.60 0.225267
1701.20 0.225294
1701.80 0.225281
1702.30 0.225320
1702.90 0.225386
1703.40 0.225386
1704.00 0.225386
1704.60 0.225386
1705.10 0.225386
1705.70 0.225413
1706.20 0.225505
1706.80 0.225545
1707.40 0.225545
1707.90 0.225545
1708.50 0.225558
1709.00 0.225558
1709.60 0.225545
1710.20 0.225598
1710.70 0.225638
1711.30 0.225651
1711.90 0.225624
1712.40 0.225664
1713.00 0.225743
1713.60 0.225770
1714.10 0.225783
1714.70 0.225770
1715.30 0.225770
1715.80 0.225770
1716.40 0.225823
1717.00 0.225849
1717.50 0.225849
1718.10 0.225849
1718.70 0.225836
1719.20 0.225849
1719.80 0.225902
1720.40 0.225942
1721.00 0.225955
1721.50 0.225955
1722.10 0.226008
1722.70 0.226074
1723.20 0.226087
1723.80 0.226100
1724.40 0.226113
1725.00 0.226100
1725.50 0.226127
1726.10 0.226166
1726.70 0.226153
1727.30 0.226140
1727.80 0.226166
1728.40 0.226206
1729.00 0.226193
1729.60 0.226232
1730.10 0.226232
1730.70 0.226232
1731.30 0.226285
1731.90 0.226298
1732.50 0.226298
1733.00 0.226351
1733.60 0.226417
1734.20 0.226378
1734.80 0.226365
1735.40 0.226404
1735.90 0.226404
1736.50 0.226431
1737.10 0.226417
1737.70 0.226417
1738.30 0.226444
1738.80 0.226484
1739.40 0.226510
1740.00 0.226550
1740.60 0.226563
1741.20 0.226563
1741.80 0.226550
1742.30 0.226563
1742.90 0.226616
1743.50 0.226616
1744.10 0.226616
1744.70 0.226629
1745.30 0.226655
1745.90 0.226655
1746.50 0.226629
1747.10 0.226629
1747.60 0.226655
1748.20 0.226708
1748.80 0.226761
1749.40 0.226735
1750.00 0.226695
1750.60 0.226721
1751.20 0.226801
1751.80 0.226814
1752.40 0.226814
1753.00 0.226827
1753.60 0.226827
1754.10 0.226840
1754.70 0.226893
1755.30 0.226893
1755.90 0.226893
1756.50 0.226893
1757.10 0.226920
1757.70 0.226946
1758.30 0.226906
1758.90 0.226920
1759.50 0.226959
1760.10 0.226959
1760.70 0.226959
1761.30 0.226973
1761.90 0.227039
1762.50 0.227092
1763.10 0.227105
1763.70 0.227078
1764.30 0.227039
1764.90 0.227012
1765.50 0.227039
1766.10 0.227052
1766.70 0.227065
1767.30 0.227065
1767.90 0.227105
1768.50 0.227158
1769.10 0.227171
1769.70 0.227171
1770.30 0.227171
1770.90 0.227158
1771.50 0.227197
1772.10 0.227224
1772.70 0.227237
1773.30 0.227237
1773.90 0.227210
1774.60 0.227224
1775.20 0.227290
1775.80 0.227290
1776.40 0.227277
1777.00 0.227290
1777.60 0.227329
1778.20 0.227343
1778.80 0.227303
1779.40 0.227316
1780.00 0.227316
1780.70 0.227356
1781.30 0.227369
1781.90 0.227356
1782.50 0.227396
1783.10 0.227409
1783.70 0.227369
1784.30 0.227382
1784.90 0.227382
1785.60 0.227382
1786.20 0.227369
1786.80 0.227382
1787.40 0.227382
1788.00 0.227409
1788.60 0.227462
1789.30 0.227488
1789.90 0.227475
1790.50 0.227488
1791.10 0.227475
1791.70 0.227448
1792.30 0.227488
1793.00 0.227528
1793.60 0.227528
1794.20 0.227528
1794.80 0.227541
1795.40 0.227514
1796.10 0.227528
1796.70 0.227541
1797.30 0.227567
1797.90 0.227567
1798.60 0.227567
1799.20 0.227567
1799.80 0.227581
1800.40 0.227620
1801.10 0.227581
1801.70 0.227567
1802.30 0.227594
1802.90 0.227633
1803.60 0.227607
1804.20 0.227620
1804.80 0.227673
1805.40 0.227726
1806.10 0.227726
1806.70 0.227766
1807.30 0.227779
1808.00 0.227766
1808.60 0.227739
1809.20 0.227713
1809.90 0.227700
1810.50 0.227752
1811.10 0.227792
1811.80 0.227779
1812.40 0.227766
1813.00 0.227779
1813.70 0.227818
1814.30 0.227805
1814.90 0.227779
1815.60 0.227832
1816.20 0.227858
1816.80 0.227871
1817.50 0.227871
1818.10 0.227885
1818.80 0.227924
1819.40 0.227937
1820.00 0.227924
1820.70 0.227898
1821.30 0.227911
1821.90 0.227951
1822.60 0.227924
1823.20 0.227898
1823.90 0.227911
1824.50 0.227911
1825.20 0.227885
1825.80 0.227898
1826.40 0.227911
1827.10 0.227911
1827.70 0.227990
1828.40 0.228004
1829.00 0.227990
1829.70 0.227990
1830.30 0.227977
1831.00 0.228004
1831.60 0.228017
1832.30 0.228056
1832.90 0.228070
1833.60 0.228056
1834.20 0.228043
1834.80 0.228083
1835.50 0.228096
1836.10 0.228096
1836.80 0.228083
1837.40 0.228070
1838.10 0.228030
1838.80 0.228017
1839.40 0.228070
1840.10 0.228096
1840.70 0.228083
1841.40 0.228056
1842.00 0.228056
1842.70 0.228043
1843.30 0.228056
1844.00 0.228096
1844.60 0.228096
1845.30 0.228083
1845.90 0.228070
1846.60 0.228083
1847.30 0.228109
1847.90 0.228096
1848.60 0.228070
1849.20 0.228056
1849.90 0.228096
1850.60 0.228096
1851.20 0.228096
1851.90 0.228109
1852.60 0.228109
1853.20 0.228109
1853.90 0.228136
1854.50 0.228122
1855.20 0.228122
1855.90 0.228109
1856.50 0.228136
1857.20 0.228136
1857.90 0.228109
1858.50 0.228109
1859.20 0.228122
1859.90 0.228109
1860.50 0.228056
1861.20 0.228070
1861.90 0.228096
1862.50 0.228083
1863.20 0.228109
1863.90 0.228083
1864.50 0.228070
1865.20 0.228083
1865.90 0.228109
1866.60 0.228122
1867.20 0.228109
1867.90 0.228122
1868.60 0.228096
1869.20 0.228043
1869.90 0.228017
1870.60 0.228056
1871.30 0.228056
1871.90 0.228030
1872.60 0.228096
1873.30 0.228096
1874.00 0.228043
1874.70 0.228004
1875.30 0.227964
1876.00 0.227951
1876.70 0.227990
1877.40 0.227964
1878.00 0.227871
1878.70 0.227832
1879.40 0.227832
1880.10 0.227845
1880.80 0.227858
1881.40 0.227818
1882.10 0.227779
1882.80 0.227766
1883.50 0.227752
1884.20 0.227739
1884.90 0.227686
1885.60 0.227620
1886.20 0.227567
1886.90 0.227541
1887.60 0.227501
1888.30 0.227448
1889.00 0.227356
1889.70 0.227343
1890.40 0.227316
1891.10 0.227250
1891.80 0.227224
1892.40 0.227171
1893.10 0.227105
1893.80 0.227065
1894.50 0.227012
1895.20 0.226933
1895.90 0.226867
1896.60 0.226774
1897.30 0.226708
1898.00 0.226642
1898.70 0.226550
1899.40 0.226404
1900.10 0.226259
1900.80 0.226140
1901.50 0.226008
1902.20 0.225849
1902.90 0.225651
1903.60 0.225426
1904.30 0.225201
1905.00 0.224963
1905.70 0.224686
1906.40 0.224303
1907.10 0.223919
1907.80 0.223576
1908.50 0.223325
1909.20 0.223153
1909.90 0.223034
1910.60 0.222915
1911.30 0.222862
1912.00 0.222888
1912.70 0.222928
1913.40 0.223047
1914.10 0.223179
1914.80 0.223325
1915.50 0.223496
1916.20 0.223695
1916.90 0.223827
1917.60 0.223985
1918.30 0.224118
1919.10 0.224250
1919.80 0.224448
1920.50 0.224633
1921.20 0.224726
1921.90 0.224818
1922.60 0.224950
1923.30 0.225056
1924.00 0.225162
1924.80 0.225241
1925.50 0.225360
1926.20 0.225466
1926.90 0.225558
1927.60 0.225611
1928.30 0.225690
1929.10 0.225783
1929.80 0.225862
1930.50 0.225928
1931.20 0.226047
1931.90 0.226100
1932.70 0.226074
1933.40 0.226074
1934.10 0.226140
1934.80 0.226166
1935.50 0.226180
1936.30 0.226180
1937.00 0.226180
1937.70 0.226219
1938.40 0.226272
1939.20 0.226298
1939.90 0.226298
1940.60 0.226338
1941.30 0.226365
1942.10 0.226391
1942.80 0.226404
1943.50 0.226391
1944.20 0.226404
1945.00 0.226417
1945.70 0.226457
1946.40 0.226510
1947.20 0.226497
1947.90 0.226484
1948.60 0.226484
1949.40 0.226484
1950.10 0.226510
1950.80 0.226576
1951.60 0.226602
1952.30 0.226589
1953.00 0.226563
1953.80 0.226550
1954.50 0.226602
1955.20 0.226629
1956.00 0.226616
1956.70 0.226576
1957.50 0.226589
1958.20 0.226642
1958.90 0.226642
1959.70 0.226602
1960.40 0.226602
1961.20 0.226629
1961.90 0.226602
1962.60 0.226589
1963.40 0.226602
1964.10 0.226602
1964.90 0.226629
1965.60 0.226642
1966.40 0.226642
1967.10 0.226669
1967.90 0.226655
1968.60 0.226616
1969.30 0.226616
1970.10 0.226629
1970.80 0.226616
1971.60 0.226616
1972.30 0.226629
1973.10 0.226616
1973.80 0.226589
1974.60 0.226576
1975.30 0.226589
1976.10 0.226655
1976.90 0.226655
1977.60 0.226629
1978.40 0.226602
1979.10 0.226589
1979.90 0.226589
1980.60 0.226602
1981.40 0.226589
1982.20 0.226602
1982.90 0.226642
1983.70 0.226642
1984.40 0.226589
1985.20 0.226576
1985.90 0.226602
1986.70 0.226642
1987.50 0.226616
1988.20 0.226550
1989.00 0.226536
1989.80 0.226523
1990.50 0.226523
1991.30 0.226536
1992.10 0.226510
1992.80 0.226536
1993.60 0.226536
1994.30 0.226523
1995.10 0.226523
1995.90 0.226497
1996.70 0.226510
1997.40 0.226484
1998.20 0.226470
1999.00 0.226510
1999.70 0.226523
2000.50 0.226523
2001.30 0.226484
2002.10 0.226457
2002.80 0.226457
2003.60 0.226457
2004.40 0.226457
2005.20 0.226457
2005.90 0.226444
2006.70 0.226457
2007.50 0.226431
2008.30 0.226431
2009.00 0.226417
2009.80 0.226444
2010.60 0.226444
2011.40 0.226404
2012.20 0.226365
2012.90 0.226351
2013.70 0.226351
2014.50 0.226378
2015.30 0.226365
2016.10 0.226338
2016.80 0.226325
2017.60 0.226312
2018.40 0.226272
2019.20 0.226272
2020.00 0.226312
2020.80 0.226312
2021.60 0.226325
2022.30 0.226312
2023.10 0.226259
2023.90 0.226232
2024.70 0.226219
2025.50 0.226206
2026.30 0.226206
2027.10 0.226193
2027.90 0.226166
2028.70 0.226180
2029.50 0.226166
2030.30 0.226140
2031.10 0.226113
2031.90 0.226074
2032.70 0.226074
2033.50 0.226113
2034.30 0.226113
2035.10 0.226061
2035.80 0.226047
2036.70 0.226034
2037.40 0.226021
2038.30 0.225994
2039.10 0.225994
2039.90 0.225981
2040.70 0.225968
2041.50 0.225942
2042.30 0.225915
2043.10 0.225955
2043.90 0.225955
2044.70 0.225915
2045.50 0.225875
2046.30 0.225836
2047.10 0.225823
2047.90 0.225809
2048.70 0.225783
2049.50 0.225809
2050.40 0.225809
2051.20 0.225770
2052.00 0.225730
2052.80 0.225704
2053.60 0.225717
2054.40 0.225730
2055.20 0.225690
2056.00 0.225651
2056.90 0.225651
2057.70 0.225651
2058.50 0.225638
2059.30 0.225624
2060.10 0.225598
2060.90 0.225585
2061.80 0.225571
2062.60 0.225545
2063.40 0.225519
2064.20 0.225466
2065.10 0.225466
2065.90 0.225479
2066.70 0.225439
2067.50 0.225426
2068.30 0.225426
2069.20 0.225400
2070.00 0.225360
2070.80 0.225347
2071.60 0.225307
2072.50 0.225307
2073.30 0.225294
2074.10 0.225241
2075.00 0.225201
2075.80 0.225215
2076.60 0.225188
2077.50 0.225175
2078.30 0.225135
2079.10 0.225135
2080.00 0.225069
2080.80 0.224990
2081.60 0.224990
2082.50 0.224990
2083.30 0.224937
2084.10 0.224897
2085.00 0.224858
2085.80 0.224805
2086.60 0.224818
2087.50 0.224818
2088.30 0.224778
2089.20 0.224752
2090.00 0.224726
2090.90 0.224726
2091.70 0.224712
2092.60 0.224712
2093.40 0.224659
2094.20 0.224607
2095.10 0.224607
2095.90 0.224580
2096.80 0.224541
2097.60 0.224488
2098.50 0.224435
2099.30 0.224435
2100.20 0.224448
2101.00 0.224461
2101.90 0.224435
2102.70 0.224369
2103.60 0.224355
2104.40 0.224382
2105.30 0.224342
2106.10 0.224276
2107.00 0.224237
2107.90 0.224276
2108.70 0.224250
2109.60 0.224210
2110.40 0.224184
2111.30 0.224118
2112.10 0.224078
2113.00 0.224104
2113.90 0.224104
2114.70 0.224091
2115.60 0.224078
2116.50 0.224038
2117.30 0.223999
2118.20 0.223985
2119.10 0.223946
2119.90 0.223893
2120.80 0.223880
2121.70 0.223893
2122.50 0.223893
2123.40 0.223866
2124.30 0.223880
2125.10 0.223880
2126.00 0.223840
2126.90 0.223800
2127.80 0.223800
2128.60 0.223787
2129.50 0.223747
2130.40 0.223734
2131.30 0.223681
2132.10 0.223629
2133.00 0.223642
2133.90 0.223642
2134.80 0.223668
2135.60 0.223668
2136.50 0.223642
2137.40 0.223562
2138.30 0.223523
2139.20 0.223549
2140.10 0.223562
2140.90 0.223562
2141.80 0.223523
2142.70 0.223510
2143.60 0.223483
2144.50 0.223470
2145.40 0.223457
2146.30 0.223457
2147.10 0.223496
2148.00 0.223470
2148.90 0.223443
2149.80 0.223443
2150.70 0.223404
2151.60 0.223351
2152.50 0.223285
2153.40 0.223285
2154.30 0.223285
2155.20 0.223272
2156.10 0.223272
2157.00 0.223232
2157.90 0.223219
2158.80 0.223219
2159.70 0.223219
2160.60 0.223206
2161.50 0.223192
2162.40 0.223153
2163.30 0.223113
2164.20 0.223073
2165.10 0.223073
2166.00 0.223047
2166.90 0.223007
2167.80 0.222994
2168.70 0.222981
2169.60 0.222968
2170.50 0.222928
2171.40 0.222888
2172.30 0.222862
2173.20 0.222849
2174.10 0.222835
2175.10 0.222796
2176.00 0.222756
2176.90 0.222730
2177.80 0.222703
2178.70 0.222690
2179.60 0.222624
2180.60 0.222558
2181.50 0.222558
2182.40 0.222518
2183.30 0.222452
2184.20 0.222399
2185.10 0.222386
2186.10 0.222399
2187.00 0.222360
2187.90 0.222294
2188.80 0.222254
2189.80 0.222227
2190.70 0.222227
2191.60 0.222175
2192.50 0.222135
2193.50 0.222122
2194.40 0.222082
2195.30 0.222029
2196.30 0.221976
2197.20 0.221950
2198.10 0.221963
2199.10 0.221910
2200.00 0.221897
2200.90 0.221910
2201.90 0.221871
2202.80 0.221844
2203.70 0.221804
2204.70 0.221804
2205.60 0.221844
2206.50 0.221831
2207.50 0.221765
2208.40 0.221765
2209.40 0.221791
2210.30 0.221831
2211.20 0.221818
2212.20 0.221831
2213.10 0.221818
2214.10 0.221752
2215.00 0.221738
2216.00 0.221752
2216.90 0.221765
2217.90 0.221804
2218.80 0.221778
2219.80 0.221738
2220.70 0.221672
2221.70 0.221659
2222.60 0.221659
2223.60 0.221619
2224.50 0.221567
2225.50 0.221527
2226.40 0.221514
2227.40 0.221527
2228.40 0.221487
2229.30 0.221448
2230.30 0.221382
2231.20 0.221315
2232.20 0.221249
2233.10 0.221236
2234.10 0.221170
2235.10 0.221091
2236.00 0.221051
2237.00 0.221011
2238.00 0.220892
2238.90 0.220800
2239.90 0.220747
2240.90 0.220628
2241.80 0.220588
2242.80 0.220562
2243.80 0.220470
2244.80 0.220351
2245.70 0.220258
2246.70 0.220165
2247.70 0.220113
2248.60 0.220047
2249.60 0.219967
2250.60 0.219928
2251.60 0.219954
2252.60 0.219967
2253.50 0.219967
2254.50 0.219980
2255.50 0.219967
2256.50 0.220033
2257.50 0.220086
2258.40 0.220099
2259.40 0.220165
2260.40 0.220205
2261.40 0.220205
2262.40 0.220218
2263.40 0.220232
2264.40 0.220271
2265.40 0.220324
2266.30 0.220364
2267.30 0.220351
2268.30 0.220377
2269.30 0.220417
2270.30 0.220403
2271.30 0.220390
2272.30 0.220403
2273.30 0.220364
2274.30 0.220337
2275.30 0.220311
2276.30 0.220311
2277.30 0.220284
2278.30 0.220258
2279.30 0.220218
2280.30 0.220192
2281.30 0.220179
2282.30 0.220126
2283.30 0.220086
2284.30 0.220060
2285.30 0.220007
2286.30 0.219967
2287.30 0.219928
2288.30 0.219901
2289.40 0.219861
2290.40 0.219809
2291.40 0.219729
2292.40 0.219676
2293.40 0.219637
2294.40 0.219597
2295.40 0.219518
2296.40 0.219452
2297.50 0.219452
2298.50 0.219412
2299.50 0.219346
2300.50 0.219293
2301.60 0.219253
2302.60 0.219187
2303.60 0.219174
2304.60 0.219121
2305.60 0.219029
2306.70 0.218976
2307.70 0.218923
2308.70 0.218844
2309.80 0.218764
2310.80 0.218645
2311.80 0.218540
2312.80 0.218447
2313.90 0.218394
2314.90 0.218302
2315.90 0.218223
2317.00 0.218090
2318.00 0.217971
2319.10 0.217852
2320.10 0.217747
2321.10 0.217681
2322.20 0.217588
2323.20 0.217456
2324.30 0.217337
2325.30 0.217271
2326.30 0.217178
2327.40 0.217086
2328.40 0.217046
2329.50 0.217020
2330.50 0.216967
2331.60 0.216914
2332.60 0.216888
2333.70 0.216901
2334.70 0.216927
2335.80 0.216980
2336.80 0.217020
2337.90 0.217086
2338.90 0.217139
2340.00 0.217192
2341.00 0.217258
2342.10 0.217297
2343.10 0.217363
2344.20 0.217456
2345.30 0.217509
2346.30 0.217588
2347.40 0.217654
2348.50 0.217707
2349.50 0.217773
2350.60 0.217813
2351.70 0.217866
2352.70 0.217932
2353.80 0.217958
2354.90 0.217998
2355.90 0.218143
2357.00 0.218249
2358.10 0.218289
2359.10 0.218341
2360.20 0.218421
2361.30 0.218527
2362.40 0.218606
2363.40 0.218698
2364.50 0.218817
2365.60 0.218936
2366.70 0.219029
2367.80 0.219082
2368.90 0.219148
2369.90 0.219227
2371.00 0.219306
2372.10 0.219346
2373.20 0.219412
2374.30 0.219452
2375.40 0.219465
2376.40 0.219491
2377.50 0.219491
2378.60 0.219491
2379.70 0.219491
2380.80 0.219491
2381.90 0.219518
2383.00 0.219505
2384.10 0.219531
2385.20 0.219557
2386.30 0.219571
2387.40 0.219610
2388.50 0.219663
2389.60 0.219782
2390.70 0.219875
2391.80 0.219914
2392.90 0.219994
2394.00 0.220060
2395.10 0.220113
2396.20 0.220258
2397.30 0.220324
2398.40 0.220403
2399.50 0.220509
2400.60 0.220602
2401.80 0.220707
2402.90 0.220800
2404.00 0.220866
2405.10 0.220945
2406.20 0.221011
2407.30 0.221104
2408.50 0.221183
2409.60 0.221236
2410.70 0.221302
2411.80 0.221382
2412.90 0.221474
2414.10 0.221567
2415.20 0.221619
2416.30 0.221659
2417.40 0.221738
2418.60 0.221818
2419.70 0.221844
2420.80 0.221871
2422.00 0.221937
2423.10 0.222016
2424.20 0.222082
2425.40 0.222135
2426.50 0.222161
2427.60 0.222201
2428.80 0.222227
2429.90 0.222241
2431.10 0.222267
2432.20 0.222267
2433.30 0.222254
2434.50 0.222227
2435.60 0.222227
2436.80 0.222280
2437.90 0.222280
2439.10 0.222294
2440.20 0.222346
2441.40 0.222346
2442.50 0.222320
2443.60 0.222346
2444.80 0.222373
2445.90 0.222360
2447.10 0.222360
2448.30 0.222346
2449.40 0.222373
2450.60 0.222439
2451.70 0.222465
2452.90 0.222452
2454.10 0.222426
2455.20 0.222452
2456.40 0.222492
2457.60 0.222505
2458.70 0.222518
2459.90 0.222505
2461.10 0.222518
2462.20 0.222558
2463.40 0.222558
2464.60 0.222558
2465.70 0.222531
2466.90 0.222558
2468.10 0.222531
2469.30 0.222531
2470.40 0.222584
2471.60 0.222611
2472.80 0.222637
2474.00 0.222637
2475.10 0.222637
2476.30 0.222650
2477.50 0.222690
2478.70 0.222730
2479.90 0.222730
2481.10 0.222730
2482.30 0.222756
2483.40 0.222769
2484.60 0.222822
2485.80 0.222822
2487.00 0.222822
2488.20 0.222862
2489.40 0.222888
2490.60 0.222915
2491.80 0.222954
2493.00 0.222981
2494.20 0.222994
2495.40 0.223034
2496.60 0.223060
2497.80 0.223087
2499.00 0.223100
2500.20 0.223139
2501.40 0.223192
2502.60 0.223179
2503.80 0.223245
2505.00 0.223351
2506.30 0.223377
2507.50 0.223404
2508.70 0.223457
2509.90 0.223496
2511.10 0.223549
2512.30 0.223615
2513.50 0.223642
2514.80 0.223655
2516.00 0.223681
2517.20 0.223721
2518.40 0.223761
2519.60 0.223761
2520.90 0.223761
2522.10 0.223827
2523.30 0.223933
2524.60 0.223959
2525.80 0.223959
2527.00 0.224025
2528.20 0.224091
2529.50 0.224118
2530.70 0.224170
2531.90 0.224223
2533.20 0.224237
2534.40 0.224263
2535.70 0.224369
2536.90 0.224474
2538.10 0.224448
2539.40 0.224501
2540.60 0.224593
2541.90 0.224739
2543.10 0.224831
2544.40 0.224897
2545.60 0.224963
2546.90 0.225043
2548.10 0.225122
2549.40 0.225241
2550.60 0.225413
2551.90 0.225558
2553.10 0.225624
2554.40 0.225638
2555.60 0.225770
2556.90 0.225862
2558.20 0.225955
2559.40 0.226087
2560.70 0.226312
2562.00 0.226484
2563.20 0.226563
2564.50 0.226602
2565.80 0.226536
2567.00 0.226589
2568.30 0.226827
2569.60 0.227012
2570.90 0.226986
2572.10 0.227105
2573.40 0.227343
2574.70 0.227316
2576.00 0.227435
2577.30 0.227541
2578.50 0.227567
2579.80 0.227713
2581.10 0.227898
2582.40 0.228030
2583.70 0.228228
2585.00 0.228175
2586.20 0.228228
2587.50 0.228360
2588.80 0.228400
2590.10 0.228453
2591.40 0.228493
2592.70 0.228717
2594.00 0.229180
2595.30 0.229246
2596.60 0.228916
2597.90 0.228823
2599.20 0.228863
2600.50 0.228995
2601.80 0.229087
2603.10 0.229180
2604.40 0.229378
2605.70 0.229378
2607.10 0.229246
2608.40 0.229299
2609.70 0.229312
2611.00 0.229299
2612.30 0.229299
2613.60 0.229339
2614.90 0.229391
2616.30 0.229603
2617.60 0.229603
2618.90 0.229603
2620.20 0.229761
2621.60 0.229616
2622.90 0.229497
2624.20 0.229510
2625.50 0.229656
2626.90 0.229801
2628.20 0.229735
2629.50 0.229894
2630.90 0.229841
2632.20 0.229656
2633.50 0.229709
2634.90 0.229656
2636.20 0.229603
2637.60 0.229629
2638.90 0.229576
2640.20 0.229537
2641.60 0.229484
2642.90 0.229418
2644.30 0.229391
2645.60 0.229418
2647.00 0.229299
2648.30 0.229206
2649.70 0.229101
2651.00 0.229101
2652.40 0.229153
2653.80 0.229127
2655.10 0.229061
2656.50 0.228889
2657.80 0.228770
2659.20 0.228770
2660.60 0.228651
2661.90 0.228559
2663.30 0.228545
2664.70 0.228572
2666.00 0.228400
2667.40 0.228096
2668.80 0.227832
2670.10 0.227752
2671.50 0.227025
2672.90 0.226417
2674.30 0.226021
2675.60 0.225624
2677.00 0.224884
2678.40 0.223933
2679.80 0.222664
2681.20 0.220932
2682.60 0.218831
2684.00 0.216147
2685.40 0.213147
2686.80 0.210041
2688.10 0.206869
2689.50 0.203921
2690.90 0.201079
2692.30 0.198502
2693.70 0.195964
2695.10 0.193321
2696.50 0.190717
2697.90 0.188047
2699.30 0.185271
2700.70 0.182879
2702.10 0.180711
2703.60 0.178742
2705.00 0.176693
2706.40 0.174499
2707.80 0.172212
2709.20 0.169873
2710.60 0.167559
2712.00 0.165167
2713.50 0.162999
2714.90 0.161215
2716.30 0.159563
2717.70 0.158056
2719.10 0.156695
2720.60 0.155399
2722.00 0.154025
2723.40 0.153086
2724.90 0.152002
2726.30 0.150681
2727.70 0.149372
2729.20 0.148090
2730.60 0.146755
2732.00 0.145327
2733.50 0.143926
2734.90 0.142499
2736.40 0.140754
2737.80 0.139155
2739.30 0.137476
2740.70 0.135613
2742.20 0.133709
2743.60 0.132057
2745.10 0.130656
2746.50 0.129480
2748.00 0.128488
2749.40 0.127708
2750.90 0.127074
2752.30 0.126585
2753.80 0.126281
2755.30 0.126096
2756.70 0.125792
2758.20 0.125633
2759.70 0.125567
2761.10 0.125660
2762.60 0.125884
2764.10 0.126122
2765.60 0.126360
2767.00 0.126691
2768.50 0.127074
2770.00 0.127431
2771.50 0.127775
2772.90 0.128079
2774.40 0.128396
2775.90 0.128792
2777.40 0.129149
2778.90 0.129453
2780.40 0.129744
2781.90 0.130008
2783.40 0.130220
2784.90 0.130484
2786.40 0.130788
2787.90 0.131026
2789.40 0.131145
2790.90 0.131290
2792.40 0.131462
2793.90 0.131634
2795.40 0.131713
2796.90 0.131753
2798.40 0.131806
2799.90 0.131806
2801.40 0.131740
2802.90 0.131713
2804.40 0.131581
2806.00 0.131409
2807.50 0.131330
2809.00 0.131343
2810.50 0.131383
2812.10 0.131423
2813.60 0.131502
2815.10 0.131674
2816.60 0.131793
2818.20 0.131978
2819.70 0.132229
2821.20 0.132480
2822.80 0.132731
2824.30 0.133035
2825.80 0.133352
2827.40 0.133670
2828.90 0.134013
2830.50 0.134291
2832.00 0.134568
2833.60 0.134899
2835.10 0.135163
2836.70 0.135454
2838.20 0.135771
2839.80 0.136035
2841.30 0.136260
2842.90 0.136458
2844.40 0.136710
2846.00 0.136895
2847.60 0.137053
2849.10 0.137225
2850.70 0.137397
2852.30 0.137516
2853.80 0.137582
2855.40 0.137701
2857.00 0.137674
2858.60 0.137569
2860.10 0.137516
2861.70 0.137423
2863.30 0.137384
2864.90 0.137529
2866.40 0.137833
2868.00 0.138084
2869.60 0.138243
2871.20 0.138401
2872.80 0.138653
2874.40 0.139009
2876.00 0.139432
2877.60 0.139895
2879.20 0.140305
2880.80 0.140688
2882.40 0.141071
2884.00 0.141441
2885.60 0.141812
2887.20 0.142168
2888.80 0.142472
2890.40 0.142763
2892.00 0.143041
2893.60 0.143332
2895.30 0.143556
2896.90 0.143807
2898.50 0.144045
2900.10 0.144283
2901.70 0.144548
2903.40 0.144812
2905.00 0.145023
2906.60 0.145222
2908.30 0.145486
2909.90 0.145684
2911.50 0.145883
2913.10 0.146094
2914.80 0.146292
2916.40 0.146517
2918.10 0.146702
2919.70 0.146914
2921.40 0.147151
2923.00 0.147363
2924.70 0.147574
2926.30 0.147773
2928.00 0.147971
2929.60 0.148209
2931.30 0.148447
2932.90 0.148592
2934.60 0.148738
2936.30 0.148989
2937.90 0.149266
2939.60 0.149478
2941.20 0.149676
2942.90 0.149940
2944.60 0.150231
2946.30 0.150548
2947.90 0.150839
2949.60 0.151051
2951.30 0.151302
2953.00 0.151593
2954.60 0.151857
2956.30 0.152148
2958.00 0.152439
2959.70 0.152769
2961.40 0.153033
2963.10 0.153284
2964.80 0.153655
2966.50 0.154051
2968.20 0.154355
2969.90 0.154686
2971.60 0.155029
2973.30 0.155360
2975.00 0.155730
2976.70 0.156047
2978.40 0.156377
2980.10 0.156734
2981.80 0.157078
2983.60 0.157422
2985.30 0.157792
2987.00 0.158162
2988.70 0.158585
2990.40 0.158955
2992.20 0.159365
2993.90 0.159788
2995.60 0.160171
2997.40 0.160501
2999.10 0.160858
3000.80 0.161215
3002.60 0.161625
3004.30 0.161968
3006.00 0.162352
3007.80 0.162775
3009.50 0.163211
3011.30 0.163621
3013.00 0.164004
3014.80 0.164440
3016.50 0.164837
3018.30 0.165180
3020.00 0.165550
3021.80 0.165868
3023.60 0.166172
3025.30 0.166542
3027.10 0.166899
3028.90 0.167229
3030.60 0.167533
3032.40 0.167784
3034.20 0.168062
3036.00 0.168379
3037.70 0.168670
3039.50 0.168947
3041.30 0.169251
3043.10 0.169463
3044.90 0.169648
3046.70 0.169899
3048.40 0.170190
3050.20 0.170428
3052.00 0.170652
3053.80 0.170943
3055.60 0.171208
3057.40 0.171445
3059.20 0.171697
3061.10 0.171961
3062.90 0.172186
3064.70 0.172516
3066.50 0.172847
3068.30 0.173084
3070.10 0.173362
3071.90 0.173719
3073.80 0.174023
3075.60 0.174314
3077.40 0.174657
3079.20 0.174961
3081.10 0.175252
3082.90 0.175596
3084.70 0.175939
3086.60 0.176204
3088.40 0.176521
3090.20 0.176838
3092.10 0.177129
3093.90 0.177512
3095.80 0.177935
3097.60 0.178332
3099.50 0.178742
3101.30 0.179072
3103.20 0.179389
3105.00 0.179746
3106.90 0.180116
3108.80 0.180447
3110.60 0.180790
3112.50 0.181081
3114.40 0.181412
3116.20 0.181848
3118.10 0.182257
3120.00 0.182575
3121.90 0.182839
3123.70 0.183130
3125.60 0.183487
3127.50 0.183870
3129.40 0.184240
3131.30 0.184557
3133.20 0.184888
3135.10 0.185218
3137.00 0.185575
3138.90 0.185839
3140.80 0.186091
3142.70 0.186421
3144.60 0.186844
3146.50 0.187201
3148.40 0.187465
3150.30 0.187782
3152.20 0.188152
3154.10 0.188470
3156.10 0.188813
3158.00 0.189197
3159.90 0.189567
3161.80 0.189910
3163.80 0.190201
3165.70 0.190532
3167.60 0.190928
3169.60 0.191245
3171.50 0.191549
3173.40 0.191906
3175.40 0.192210
3177.30 0.192554
3179.30 0.192858
3181.20 0.193162
3183.20 0.193492
3185.10 0.193783
3187.10 0.194153
3189.10 0.194470
3191.00 0.194708
3193.00 0.194999
3194.90 0.195330
3196.90 0.195673
3198.90 0.196004
3200.90 0.196321
3202.90 0.196599
3204.80 0.196889
3206.80 0.197233
3208.80 0.197511
3210.80 0.197801
3212.80 0.198132
3214.80 0.198449
3216.80 0.198674
3218.80 0.198964
3220.80 0.199308
3222.80 0.199546
3224.80 0.199744
3226.80 0.199995
3228.80 0.200326
3230.80 0.200656
3232.80 0.201000
3234.80 0.201330
3236.80 0.201582
3238.90 0.201872
3240.90 0.202190
3242.90 0.202480
3244.90 0.202745
3247.00 0.203009
3249.00 0.203260
3251.00 0.203551
3253.10 0.203815
3255.10 0.204093
3257.20 0.204357
3259.20 0.204542
3261.30 0.204807
3263.30 0.205190
3265.40 0.205494
3267.40 0.205745
3269.50 0.205970
3271.60 0.206194
3273.60 0.206446
3275.70 0.206670
3277.80 0.206961
3279.80 0.207225
3281.90 0.207371
3284.00 0.207569
3286.10 0.207807
3288.10 0.208071
3290.20 0.208270
3292.30 0.208468
3294.40 0.208693
3296.50 0.208944
3298.60 0.209142
3300.70 0.209327
3302.80 0.209565
3304.90 0.209816
3307.00 0.210028
3309.10 0.210226
3311.20 0.210411
3313.40 0.210596
3315.50 0.210781
3317.60 0.210979
3319.70 0.211178
3321.90 0.211363
3324.00 0.211548
3326.10 0.211733
3328.30 0.211944
3330.40 0.212090
3332.50 0.212235
3334.70 0.212473
3336.80 0.212618
3339.00 0.212750
3341.10 0.212896
3343.30 0.212949
3345.40 0.213094
3347.60 0.213266
3349.80 0.213425
3351.90 0.213570
3354.10 0.213676
3356.30 0.213781
3358.40 0.213940
3360.60 0.214138
3362.80 0.214297
3365.00 0.214310
3367.10 0.214350
3369.30 0.214455
3371.50 0.214588
3373.70 0.214746
3375.90 0.214945
3378.10 0.215103
3380.30 0.215222
3382.50 0.215420
3384.70 0.215724
3386.90 0.216002
3389.10 0.216147
3391.40 0.216200
3393.60 0.216319
3395.80 0.216451
3398.00 0.216636
3400.30 0.216689
3402.50 0.216676
3404.70 0.216782
3407.00 0.216861
3409.20 0.216940
3411.40 0.217020
3413.70 0.217139
3415.90 0.217324
3418.20 0.217601
3420.40 0.217866
3422.70 0.218090
3425.00 0.218315
3427.20 0.218540
3429.50 0.218778
3431.80 0.219002
3434.00 0.219187
3436.30 0.219372
3438.60 0.219491
3440.90 0.219663
3443.20 0.219795
3445.40 0.219941
3447.70 0.220099
3450.00 0.220179
3452.30 0.220311
3454.60 0.220417
3456.90 0.220522
3459.20 0.220707
3461.60 0.220932
3463.90 0.221078
3466.20 0.221130
3468.50 0.221157
3470.80 0.221170
3473.10 0.221210
3475.50 0.221302
3477.80 0.221421
3480.10 0.221421
3482.50 0.221461
3484.80 0.221646
3487.20 0.221818
3489.50 0.222016
3491.90 0.222082
3494.20 0.222082
3496.60 0.222214
3498.90 0.222412
3501.30 0.222611
3503.60 0.222796
3506.00 0.222968
3508.40 0.223206
3510.80 0.223443
3513.10 0.223629
3515.50 0.223853
3517.90 0.223959
3520.30 0.224038
3522.70 0.224197
3525.10 0.224342
3527.50 0.224501
3529.90 0.224646
3532.30 0.224726
3534.70 0.224924
3537.10 0.225096
3539.50 0.225188
3541.90 0.225307
3544.40 0.225466
3546.80 0.225611
3549.20 0.225704
3551.60 0.225783
3554.10 0.225928
3556.50 0.226047
3559.00 0.226113
3561.40 0.226166
3563.90 0.226232
3566.30 0.226378
3568.80 0.226444
3571.20 0.226510
3573.70 0.226642
3576.10 0.226735
3578.60 0.226840
3581.10 0.226946
3583.60 0.226999
3586.00 0.227065
3588.50 0.227144
3591.00 0.227250
3593.50 0.227343
3596.00 0.227369
3598.50 0.227409
3601.00 0.227409
3603.50 0.227514
3606.00 0.227686
3608.50 0.227766
3611.00 0.227832
3613.50 0.227898
3616.00 0.227898
3618.60 0.228030
3621.10 0.228122
3623.60 0.228136
3626.10 0.228294
3628.70 0.228440
3631.20 0.228453
3633.80 0.228466
3636.30 0.228493
3638.90 0.228664
3641.40 0.228757
3644.00 0.228783
3646.60 0.228823
3649.10 0.228929
3651.70 0.229087
3654.30 0.229180
3656.80 0.229127
3659.40 0.229153
3662.00 0.229299
3664.60 0.229471
3667.20 0.229576
3669.80 0.229616
3672.40 0.229669
3675.00 0.229748
3677.60 0.229880
3680.20 0.229973
3682.80 0.230052
3685.40 0.230105
3688.10 0.230145
3690.70 0.230224
3693.30 0.230356
3695.90 0.230383
3698.60 0.230449
3701.20 0.230555
3703.90 0.230541
3706.50 0.230607
3709.20 0.230792
3711.80 0.230832
3714.50 0.230819
3717.10 0.231030
3719.80 0.231123
3722.50 0.231123
3725.10 0.231202
3727.80 0.231268
3730.50 0.231321
3733.20 0.231374
3735.90 0.231453
3738.60 0.231506
3741.30 0.231480
3744.00 0.231599
3746.70 0.231731
3749.40 0.231797
3752.10 0.231823
3754.80 0.231784
3757.50 0.231837
3760.30 0.231916
3763.00 0.231969
3765.70 0.232088
3768.50 0.232154
3771.20 0.232048
3773.90 0.232008
3776.70 0.232114
3779.40 0.232246
3782.20 0.232207
3785.00 0.232127
3787.70 0.232220
3790.50 0.232299
3793.30 0.232379
3796.10 0.232458
3798.80 0.232484
3801.60 0.232392
3804.40 0.232379
3807.20 0.232365
3810.00 0.232392
3812.80 0.232471
3815.60 0.232484
3818.40 0.232471
3821.20 0.232471
3824.10 0.232511
3826.90 0.232524
3829.70 0.232524
3832.50 0.232537
3835.40 0.232550
3838.20 0.232537
3841.10 0.232537
3843.90 0.232550
3846.80 0.232577
3849.60 0.232577
3852.50 0.232616
3855.30 0.232630
3858.20 0.232656
3861.10 0.232669
3863.90 0.232683
3866.80 0.232696
3869.70 0.232709
3872.60 0.232735
3875.50 0.232775
3878.40 0.232788
3881.30 0.232802
3884.20 0.232828
3887.10 0.232881
3890.00 0.232894
3893.00 0.232907
3895.90 0.232894
3898.80 0.232894
3901.70 0.232907
3904.70 0.232947
3907.60 0.232960
3910.60 0.232947
3913.50 0.232947
3916.50 0.232973
3919.40 0.232960
3922.40 0.232973
3925.40 0.232960
3928.40 0.232934
3931.30 0.232907
3934.30 0.232920
3937.30 0.232894
3940.30 0.232854
3943.30 0.232762
3946.30 0.232669
3949.30 0.232564
3952.30 0.232445
3955.30 0.232339
3958.30 0.232246
3961.40 0.232141
3964.40 0.232048
3967.40 0.231982
3970.50 0.231956
3973.50 0.231929
3976.60 0.231890
3979.60 0.231850
3982.60 0.231863
3985.70 0.231876
3988.80 0.231929
3991.90 0.232008
3994.90 0.232075
3998.00 0.232154
4001.10 0.232286
4004.20 0.232365
4007.30 0.232418
4010.40 0.232471
4013.50 0.232550
4016.60 0.232590
4019.70 0.232630
4022.80 0.232656
4025.90 0.232656
4029.10 0.232683
4032.20 0.232709
4035.30 0.232669
4038.50 0.232669
4041.60 0.232656
4044.80 0.232696
4047.90 0.232683
4051.10 0.232669
4054.30 0.232656
4057.40 0.232643
4060.60 0.232616
4063.80 0.232564
4067.00 0.232550
4070.20 0.232550
4073.40 0.232524
4076.60 0.232484
4079.80 0.232431
4083.00 0.232392
4086.20 0.232365
4089.40 0.232352
4092.70 0.232299
4095.90 0.232233
4099.10 0.232194
4102.40 0.232141
4105.60 0.232088
4108.90 0.232022
4112.10 0.231956
4115.40 0.231942
4118.70 0.231890
4122.00 0.231823
4125.20 0.231757
4128.50 0.231718
4131.80 0.231678
4135.10 0.231599
4138.40 0.231506
4141.70 0.231453
4145.00 0.231374
4148.30 0.231295
4151.60 0.231229
4155.00 0.231189
4158.30 0.231110
4161.60 0.231057
4165.00 0.230977
4168.30 0.230872
4171.70 0.230766
4175.00 0.230700
4178.40 0.230594
4181.80 0.230528
4185.20 0.230475
4188.50 0.230369
4191.90 0.230277
4195.30 0.230184
4198.70 0.230065
4202.10 0.229986
4205.50 0.229880
4208.90 0.229748
4212.40 0.229590
4215.80 0.229471
4219.20 0.229325
4222.60 0.229206
4226.10 0.229035
4229.50 0.228876
4233.00 0.228731
4236.50 0.228598
4239.90 0.228493
4243.40 0.228400
4246.90 0.228294
4250.30 0.228228
4253.80 0.228096
4257.30 0.227951
4260.80 0.227845
4264.30 0.227713
4267.80 0.227528
4271.30 0.227343
4274.90 0.227184
4278.40 0.227025
4281.90 0.226854
4285.50 0.226708
4289.00 0.226550
4292.60 0.226431
4296.10 0.226259
4299.70 0.226074
4303.30 0.225915
4306.80 0.225743
4310.40 0.225545
4314.00 0.225400
4317.60 0.225241
4321.20 0.225056
4324.80 0.224884
4328.40 0.224752
4332.00 0.224554
4335.60 0.224395
4339.30 0.224223
4342.90 0.224078
4346.50 0.223893
4350.20 0.223695
4353.80 0.223562
4357.50 0.223430
4361.10 0.223245
4364.80 0.223073
4368.50 0.222915
4372.20 0.222769
4375.90 0.222584
4379.60 0.222439
4383.30 0.222267
4387.00 0.222082
4390.70 0.221910
4394.40 0.221778
4398.10 0.221633
4401.90 0.221461
4405.60 0.221276
4409.40 0.221117
4413.10 0.220959
4416.90 0.220787
4420.60 0.220602
4424.40 0.220403
4428.20 0.220179
4432.00 0.220007
4435.80 0.219848
4439.60 0.219703
4443.40 0.219518
4447.20 0.219333
4451.00 0.219148
4454.80 0.218963
4458.60 0.218751
4462.50 0.218540
4466.30 0.218315
4470.20 0.218090
4474.00 0.217852
4477.90 0.217588
4481.80 0.217350
4485.60 0.217125
4489.50 0.216848
4493.40 0.216597
4497.30 0.216306
4501.20 0.216002
4505.10 0.215698
4509.00 0.215394
4513.00 0.215050
4516.90 0.214667
4520.90 0.214270
4524.80 0.213887
4528.70 0.213398
4532.70 0.212856
4536.70 0.212301
4540.60 0.211719
4544.60 0.211111
4548.60 0.210517
4552.60 0.209869
4556.60 0.209221
4560.60 0.208587
4564.60 0.207952
4568.60 0.207265
4572.70 0.206604
4576.70 0.205917
4580.80 0.205230
4584.80 0.204476
4588.90 0.203762
4592.90 0.202983
4597.00 0.202216
4601.10 0.201463
4605.20 0.200722
4609.30 0.199969
4613.40 0.199242
4617.50 0.198449
4621.60 0.197669
4625.70 0.196916
4629.80 0.196162
4634.00 0.195409
4638.10 0.194656
4642.30 0.193902
4646.40 0.193188
4650.60 0.192448
4654.80 0.191734
4659.00 0.190968
4663.10 0.190214
4667.30 0.189474
4671.50 0.188747
4675.80 0.187994
4680.00 0.187227
4684.20 0.186408
4688.40 0.185641
4692.70 0.184875
4696.90 0.184121
4701.20 0.183288
4705.50 0.182429
4709.70 0.181570
4714.00 0.180724
4718.30 0.179825
4722.60 0.178887
4726.90 0.177922
4731.20 0.176984
4735.50 0.176058
4739.90 0.175146
4744.20 0.174221
4748.50 0.173375
4752.90 0.172542
4757.30 0.171763
4761.60 0.170983
4766.00 0.170243
4770.40 0.169542
4774.80 0.168842
4779.20 0.168128
4783.60 0.167414
4788.00 0.166700
4792.40 0.166013
4796.90 0.165286
4801.30 0.164546
4805.80 0.163806
4810.20 0.163052
4814.70 0.162246
4819.10 0.161466
4823.60 0.160673
4828.10 0.159867
4832.60 0.159008
4837.10 0.158188
4841.60 0.157369
4846.20 0.156496
4850.70 0.155637
4855.30 0.154818
4859.80 0.153959
4864.40 0.153086
4868.90 0.152214
4873.50 0.151394
4878.10 0.150615
4882.70 0.149874
4887.30 0.149134
4891.90 0.148460
4896.50 0.147839
4901.10 0.147244
4905.80 0.146662
4910.40 0.146121
4915.10 0.145579
4919.70 0.145050
4924.40 0.144508
4929.10 0.143979
4933.80 0.143464
4938.50 0.143001
4943.20 0.142552
4947.90 0.142089
4952.60 0.141653
4957.40 0.141217
4962.10 0.140794
4966.90 0.140384
4971.60 0.139961
4976.40 0.139591
4981.20 0.139155
4986.00 0.138705
4990.80 0.138230
4995.60 0.137714
5000.40 0.137172
5005.20 0.136591
5010.00 0.135983
5014.90 0.135348
5019.80 0.134595
5024.60 0.133815
5029.50 0.133022
5034.40 0.132189
5039.30 0.131356
5044.20 0.130550
5049.10 0.129757
5054.00 0.129017
5058.90 0.128316
5063.90 0.127748
5068.80 0.127233
5073.80 0.126849
5078.80 0.126585
5083.70 0.126400
5088.70 0.126294
5093.70 0.126281
5098.70 0.126294
5103.70 0.126360
5108.80 0.126479
5113.80 0.126638
5118.90 0.126757
5123.90 0.126876
5129.00 0.126968
5134.10 0.127048
5139.10 0.127100
5144.30 0.127233
5149.40 0.127325
5154.50 0.127404
5159.60 0.127484
5164.70 0.127563
5169.90 0.127656
5175.00 0.127748
5180.20 0.127827
5185.40 0.127960
5190.60 0.128065
5195.80 0.128171
5201.00 0.128290
5206.20 0.128383
5211.50 0.128422
5216.70 0.128449
5222.00 0.128422
5227.20 0.128383
5232.50 0.128290
5237.80 0.128158
5243.10 0.127986
5248.40 0.127814
5253.70 0.127642
5259.00 0.127470
5264.40 0.127246
5269.70 0.127061
5275.10 0.126876
5280.50 0.126757
5285.80 0.126677
5291.20 0.126638
5296.60 0.126611
5302.00 0.126585
5307.50 0.126611
5312.90 0.126691
5318.40 0.126783
5323.80 0.126889
5329.30 0.126981
5334.80 0.127087
5340.30 0.127153
5345.80 0.127272
5351.30 0.127404
5356.80 0.127537
5362.40 0.127642
5367.90 0.127775
5373.50 0.127893
5379.00 0.127999
5384.60 0.128079
5390.20 0.128158
5395.80 0.128237
5401.50 0.128343
5407.10 0.128449
5412.70 0.128581
5418.40 0.128700
5424.10 0.128832
5429.70 0.128924
5435.40 0.129043
5441.10 0.129176
5446.90 0.129347
5452.60 0.129506
5458.30 0.129678
5464.10 0.129836
5469.80 0.130021
5475.60 0.130246
5481.40 0.130484
5487.20 0.130696
5493.00 0.130934
5498.80 0.131158
5504.70 0.131423
5510.50 0.131647
5516.40 0.131846
5522.30 0.131991
5528.10 0.132123
5534.00 0.132229
5540.00 0.132282
5545.90 0.132229
5551.80 0.132163
5557.80 0.131964
5563.70 0.131806
5569.70 0.131713
5575.70 0.131634
5581.70 0.131528
5587.70 0.131475
5593.70 0.131383
5599.80 0.131277
5605.80 0.131026
5611.90 0.130762
5618.00 0.130471
5624.10 0.130207
5630.20 0.129929
5636.30 0.129678
5642.40 0.129440
5648.60 0.129215
5654.70 0.129030
5660.90 0.128845
5667.10 0.128660
5673.30 0.128568
5679.50 0.128488
5685.70 0.128435
5692.00 0.128369
5698.20 0.128383
5704.50 0.128356
5710.80 0.128330
5717.10 0.128224
5723.40 0.128079
5729.70 0.127880
5736.00 0.127708
5742.40 0.127457
5748.80 0.127153
5755.10 0.126730
5761.50 0.126373
5768.00 0.125832
5774.40 0.125157
5780.80 0.124444
5787.30 0.123730
5793.70 0.122910
5800.20 0.122091
5806.70 0.121232
5813.20 0.120492
5819.80 0.119712
5826.30 0.118905
5832.80 0.118060
5839.40 0.117333
5846.00 0.116606
5852.60 0.115932
5859.20 0.115231
5865.80 0.114504
5872.50 0.113764
5879.10 0.113024
5885.80 0.111979
5892.50 0.111067
5899.20 0.109878
5905.90 0.108596
5912.60 0.107287
5919.40 0.105833
5926.20 0.104366
5932.90 0.102978
5939.70 0.101260
5946.50 0.099634
5953.40 0.098101
5960.20 0.096660
5967.10 0.095220
5974.00 0.093766
5980.80 0.092391
5987.80 0.091069
5994.70 0.089695
6001.60 0.088531
6008.60 0.087434
6015.50 0.086377
6022.50 0.085372
6029.50 0.084540
6036.50 0.083813
6043.60 0.083244
6050.60 0.082504
6057.70 0.081804
6064.80 0.081262
6071.90 0.080680
6079.00 0.079993
6086.10 0.079425
6093.30 0.078896
6100.50 0.078446
6107.60 0.078076
6114.80 0.077838
6122.10 0.077759
6129.30 0.077957
6136.50 0.078314
6143.80 0.078856
6151.10 0.079464
6158.40 0.080178
6165.70 0.080905
6173.10 0.081658
6180.40 0.082412
6187.80 0.083099
6195.20 0.083562
6202.60 0.083958
6210.00 0.084196
6217.50 0.084289
6225.00 0.084315
6232.40 0.084355
6239.90 0.084328
6247.50 0.084275
6255.00 0.084170
6262.50 0.084077
6270.10 0.083971
6277.70 0.083813
6285.30 0.083667
6292.90 0.083535
6300.60 0.083377
6308.30 0.083231
6315.90 0.083086
6323.60 0.082967
6331.40 0.082782
6339.10 0.082610
6346.90 0.082306
6354.60 0.081989
6362.40 0.081724
6370.30 0.081394
6378.10 0.080984
6385.90 0.080654
6393.80 0.080310
6401.70 0.080033
6409.60 0.079781
6417.60 0.079372
6425.50 0.078975
6433.50 0.078684
6441.50 0.078394
6449.50 0.078169
6457.50 0.077944
6465.60 0.077825
6473.60 0.077746
6481.70 0.077680
6489.80 0.077653
6498.00 0.077653
6506.10 0.077640
6514.30 0.077799
6522.50 0.078037
6530.70 0.078288
6539.00 0.078631
6547.20 0.079002
6555.50 0.079345
6563.80 0.079729
6572.10 0.080138
6580.40 0.080442
6588.80 0.080733
6597.20 0.080997
6605.60 0.081182
6614.00 0.081341
6622.50 0.081473
6630.90 0.081672
6639.40 0.081804
6647.90 0.081843
6656.50 0.081989
6665.00 0.082227
6673.60 0.082531
6682.20 0.082901
6690.80 0.083258
6699.50 0.083667
6708.10 0.084183
6716.80 0.084751
6725.50 0.085333
6734.30 0.085848
6743.00 0.086337
6751.80 0.086813
6760.60 0.087249
6769.40 0.087567
6778.30 0.087857
6787.10 0.088135
6796.00 0.088346
6805.00 0.088545
6813.90 0.088756
6822.90 0.088994
6831.90 0.089166
6840.90 0.089285
6849.90 0.089443
6859.00 0.089655
6868.00 0.089695
6877.20 0.089602
6886.30 0.089549
6895.50 0.089496
6904.60 0.089417
6913.80 0.089206
6923.10 0.089007
6932.30 0.088783
6941.60 0.088479
6950.90 0.088201
6960.20 0.087844
6969.60 0.087342
6979.00 0.086919
6988.40 0.086509
6997.80 0.086033
7007.30 0.085557
7016.80 0.085095
7026.30 0.084606
7035.80 0.084117
7045.40 0.083588
7054.90 0.083020
7064.50 0.082478
7074.20 0.081949
7083.90 0.081407
7093.50 0.080799
7103.30 0.080257
7113.00 0.079729
7122.80 0.079239
7132.60 0.078830
7142.40 0.078473
7152.20 0.078116
7162.10 0.077799
7172.00 0.077442
7182.00 0.077085
7191.90 0.076675
7201.90 0.076292
7211.90 0.075922
7222.00 0.075539
7232.00 0.075129
7242.10 0.074732
7252.30 0.074349
7262.40 0.073979
7272.60 0.073648
7282.80 0.073331
7293.10 0.073027
7303.30 0.072750
7313.60 0.072459
7324.00 0.072195
7334.30 0.071838
7344.70 0.071415
7355.10 0.070965
7365.60 0.070489
7376.10 0.070014
7386.60 0.069538
7397.10 0.068956
7407.70 0.068348
7418.30 0.067701
7428.90 0.067093
7439.60 0.066458
7450.20 0.065837
7461.00 0.065216
7471.70 0.064568
7482.50 0.063881
7493.30 0.063246
7504.10 0.062612
7515.00 0.062004
7525.90 0.061369
7536.90 0.060735
7547.90 0.060100
7558.90 0.059492
7569.90 0.058884
7581.00 0.058329
7592.00 0.057734
7603.20 0.057179
7614.40 0.056598
7625.50 0.056003
7636.80 0.055435
7648.00 0.054879
7659.30 0.054311
7670.70 0.053716
7682.00 0.053082
7693.40 0.052447
7704.90 0.051813
7716.30 0.051218
7727.80 0.050610
7739.40 0.049936
7750.90 0.049249
7762.50 0.048628
7774.20 0.047993
7785.80 0.047359
7797.50 0.046658
7809.30 0.045997
7821.10 0.045402
7832.90 0.044821
7844.70 0.044160
7856.60 0.043512
7868.50 0.042891
7880.50 0.042310
7892.50 0.041675
7904.50 0.041041
7916.60 0.040406
7928.70 0.039759
7940.80 0.039058
7953.00 0.038450
7965.20 0.037789
7977.50 0.037141
7989.80 0.036467
8002.10 0.035846
8014.50 0.035225
8026.90 0.034630
8039.30 0.034062
8051.80 0.033533
8064.30 0.033018
8076.90 0.032568
8089.50 0.032079
8102.10 0.031656
8114.80 0.031260
8127.50 0.030876
8140.30 0.030572
8153.10 0.030361
8165.90 0.030096
8178.80 0.029911
8191.70 0.029753
8204.70 0.029687
8217.70 0.029647
8230.70 0.029740
8243.80 0.029819
8257.00 0.029885
8270.10 0.029925
8283.30 0.029991
8296.60 0.030017
8309.90 0.030083
8323.20 0.030070
8336.60 0.030004
8350.00 0.029792
8363.50 0.029581
8377.00 0.029356
8390.50 0.029171
8404.20 0.028947
8417.80 0.028801
8431.50 0.028656
8445.20 0.028537
8459.00 0.028405
8472.80 0.028378
8486.70 0.028352
8500.60 0.028418
8514.50 0.028510
8528.50 0.028775
8542.60 0.029132
8556.70 0.029647
8570.80 0.030308
8585.00 0.031114
8599.30 0.032132
8613.50 0.033467
8627.90 0.034974
8642.30 0.036758
8656.70 0.038820
8671.20 0.041146
8685.70 0.043631
8700.30 0.046288
8714.90 0.049077
8729.50 0.052104
8744.30 0.055183
8759.00 0.058303
8773.90 0.061462
8788.70 0.064594
8803.70 0.067582
8818.60 0.070423
8833.70 0.073133
8848.70 0.075724
8863.80 0.078023
8879.00 0.080085
8894.30 0.082042
8909.50 0.083733
8924.90 0.085174
8940.30 0.086522
8955.70 0.087619
8971.20 0.088479
8986.80 0.089179
9002.30 0.089721
9018.00 0.090078
9033.70 0.090289
9049.50 0.090395
9065.30 0.090382
9081.20 0.090263
9097.10 0.090038
9113.10 0.089814
9129.10 0.089615
9145.20 0.089457
9161.40 0.089272
9177.60 0.089034
9193.90 0.088835
9210.20 0.088743
9226.60 0.088717
9243.00 0.088664
9259.50 0.088558
9276.10 0.088505
9292.70 0.088399
9309.40 0.088161
9326.20 0.087765
9343.00 0.087078
9359.80 0.086298
9376.80 0.085386
9393.80 0.084275
9410.80 0.083033
9427.90 0.081685
9445.10 0.080350
9462.30 0.079081
9479.60 0.077838
9497.00 0.076675
9514.40 0.075658
9531.90 0.074838
9549.40 0.074283
9567.00 0.073833
9584.70 0.073556
9602.50 0.073477
9620.30 0.073411
9638.20 0.073463
9656.10 0.073582
9674.20 0.073688
9692.20 0.073833
9710.40 0.073966
9728.60 0.073939
9746.90 0.073900
9765.20 0.073939
9783.70 0.073979
9802.20 0.073992
9820.70 0.074071
9839.40 0.074204
9858.10 0.074336
9876.80 0.074442
9895.70 0.074442
9914.60 0.074402
9933.60 0.074336
9952.70 0.074190
9971.80 0.074019
9991.00 0.073847
10010.30 0.073688
10029.70 0.073596
10049.10 0.073503
10068.60 0.073529
10088.20 0.073767
10107.90 0.074375
10127.60 0.075539
10147.50 0.077191
10167.30 0.079266
10187.30 0.081685
10207.40 0.084328
10227.50 0.086985
10247.70 0.089470
10268.00 0.091743
10288.40 0.093752
10308.80 0.095431
10329.40 0.096647
10350.00 0.097467
10370.70 0.097969
10391.50 0.098220
10412.30 0.098220
10433.30 0.098286
10454.30 0.098471
10475.40 0.098815
10496.70 0.099515
10517.90 0.100639
10539.30 0.102291
10560.80 0.104208
10582.30 0.105899
10604.00 0.107195
10625.70 0.107975
10647.50 0.108411
10669.40 0.108530
10691.40 0.108569
10713.50 0.108768
10735.70 0.109124
10758.00 0.109627
10780.30 0.110314
10802.80 0.110975
10825.40 0.111438
10848.00 0.111689
10870.80 0.111662
10893.60 0.111438
10916.50 0.111067
10939.50 0.110459
10962.70 0.109719
10985.90 0.108953
11009.20 0.108212
11032.70 0.107499
11056.20 0.106732
11079.80 0.106071
11103.50 0.105543
11127.40 0.105001
11151.30 0.104459
11175.30 0.104009
11199.50 0.103454
11223.70 0.102833
11248.00 0.102172
11272.50 0.101432
11297.10 0.100652
11321.70 0.099753
11346.50 0.098762
11371.40 0.097665
11396.40 0.096409
11421.50 0.094929
11446.70 0.093409
11472.00 0.091743
11497.50 0.089919
11523.00 0.087976
11548.70 0.085967
11574.40 0.083971
11600.30 0.081962
11626.30 0.079900
11652.50 0.077838
11678.70 0.075790
11705.10 0.073781
11731.60 0.071785
11758.20 0.069710
11784.90 0.067555
11811.70 0.065387
11838.70 0.063365
11865.80 0.061713
11893.00 0.060629
11920.30 0.059889
11947.80 0.059307
11975.40 0.058633
12003.10 0.057708
12031.00 0.056637
12059.00 0.055606
12087.10 0.054589
12115.30 0.053637
12143.70 0.052751
12172.20 0.052011
12200.80 0.051192
12229.60 0.050359
12258.50 0.049473
12287.60 0.048707
12316.80 0.048006
12346.10 0.047253
12375.50 0.046460
12405.20 0.045733
12434.90 0.044966
12464.80 0.044239
12494.80 0.043618
12525.00 0.043036
12555.30 0.042415
12585.80 0.041754
12616.40 0.041107
12647.20 0.040631
12678.10 0.040155
12709.20 0.039653
12740.40 0.039217
12771.80 0.038926
12803.30 0.038635
12835.00 0.038331
12866.90 0.038120
12898.90 0.037935
12931.10 0.037776
12963.40 0.037710
12995.90 0.037697
13028.50 0.037749
13061.30 0.037710
13094.30 0.037697
13127.50 0.037868
13160.80 0.038080
13194.30 0.038331
13228.00 0.038424
13261.80 0.038331
13295.80 0.038239
13330.00 0.038053
13364.30 0.037908
13398.80 0.037749
13433.60 0.037591
13468.50 0.037313
13503.50 0.036996
13538.80 0.036785
13574.20 0.036692
13609.90 0.036441
13645.70 0.036203
13681.70 0.036071
13717.90 0.035912
13754.30 0.035582
13790.80 0.035172
13827.60 0.034749
13864.60 0.034234
13901.80 0.033639
13939.20 0.033189
13976.70 0.032740
14014.50 0.032330
14052.50 0.031696
14090.70 0.031035
14129.00 0.030519
14167.60 0.030057
14206.50 0.029581
14245.50 0.029158
14284.70 0.028537
14324.20 0.027968
14363.90 0.027559
14403.80 0.027294
14443.90 0.026951
14484.30 0.026554
14524.80 0.026171
14565.60 0.025880
14606.70 0.025576
14647.90 0.025338
14689.40 0.025206
14731.20 0.025127
14773.10 0.025113
14815.30 0.025259
14857.80 0.025417
14900.50 0.025642
14943.40 0.025629
14986.60 0.025404
15030.00 0.025113
15073.70 0.024862
15117.70 0.024545
15161.90 0.024254
15206.30 0.024030
15251.10 0.023937
15296.10 0.024069
15341.30 0.024334
15386.80 0.024836
15432.60 0.025801
15478.70 0.027123
15525.00 0.028735
15571.70 0.030467
15618.60 0.032251
15665.80 0.033718
15713.20 0.034894
15761.00 0.035608
15809.00 0.035925
15857.40 0.036044
15906.00 0.035925
15955.00 0.035542
16004.20 0.035119
16053.80 0.034511
16103.60 0.033837
16153.80 0.033150
16204.30 0.032661
16255.10 0.032251
16306.20 0.031973
16357.60 0.031868
16409.40 0.032026
16461.50 0.032264
16513.90 0.032766
16566.70 0.033507
16619.80 0.034815
16673.20 0.036428
16727.00 0.038463
16781.10 0.040895
16835.60 0.043777
16890.50 0.047068
16945.70 0.050531
17001.20 0.053994
17057.20 0.057483
17113.40 0.061158
17170.10 0.065044
17227.20 0.068837
17284.60 0.072935
17342.40 0.077032
17400.60 0.081209
17459.20 0.085610
17518.20 0.089747
17577.50 0.093567
17637.30 0.097004
17697.50 0.099806
17758.10 0.102397
17819.20 0.104895
17880.60 0.107168
17942.50 0.109376
18004.80 0.111239
18067.50 0.113090
18130.70 0.114808
18194.30 0.116394
18258.40 0.118218
18322.90 0.119672
18387.90 0.120848
18453.30 0.121827
18519.20 0.122342
18585.60 0.122408
18652.40 0.122369
18719.80 0.122448
18787.60 0.122157
18855.90 0.121866
18924.70 0.122157
18994.10 0.122620
19063.90 0.123360
19134.20 0.124563
19205.10 0.125845
19276.50 0.126704
19348.40 0.127233
19420.90 0.127338
19493.90 0.127021
19567.50 0.126611
19641.60 0.125422
19716.30 0.123532
19791.50 0.121760
19867.30 0.120082
19943.80 0.118853
20020.80 0.117544
20098.40 0.116328
20176.60 0.115442
20255.40 0.114993
20334.80 0.115046
20414.90 0.115046
20495.60 0.115667
20576.90 0.116923
20658.90 0.117795
20741.50 0.117597
20824.80 0.116764
20908.80 0.116421
20993.40 0.115548
21078.80 0.114636
21164.80 0.114240
21251.60 0.113195
21339.00 0.112178
21427.20 0.111213
21516.10 0.109732
21605.80 0.108516
21696.20 0.107142
21787.30 0.105080
21879.30 0.102754
21972.00 0.100573
22065.50 0.098445
22159.70 0.095378
22254.80 0.092589
22350.80 0.090765
22447.50 0.088849
22545.10 0.087382
22643.60 0.087011
22742.90 0.087474
22843.10 0.088135
22944.20 0.090078
23046.20 0.092721
23149.00 0.094149
23252.80 0.095272
23357.60 0.095933
23463.30 0.096502
23569.90 0.098392
23677.50 0.099515
23786.10 0.100097
23895.80 0.101762
24006.40 0.103454
24118.00 0.105265
24230.70 0.108107
24344.50 0.112191
24459.40 0.115191
24575.30 0.115614
24692.30 0.115522
24810.40 0.114372
24929.70 0.113195
25050.20 0.113843
