300.00 0.972610
305.00 0.965450
310.00 0.970940
315.00 0.968370
320.00 0.968730
325.00 0.968380
330.00 0.967820
335.00 0.968550
340.00 0.968160
345.00 0.966570
350.00 0.967290
355.00 0.968750
360.00 0.968060
365.00 0.967340
370.00 0.967240
375.00 0.966440
380.00 0.964460
385.00 0.965210
390.00 0.965260
395.00 0.965310
400.00 0.965360
405.00 0.965240
410.00 0.964810
415.00 0.966290
420.00 0.965480
425.00 0.966960
430.00 0.967580
435.00 0.968200
440.00 0.967830
445.00 0.969650
450.00 0.968750
455.00 0.969700
460.00 0.970520
465.00 0.970060
470.00 0.969050
475.00 0.970130
480.00 0.969700
485.00 0.971070
490.00 0.970870
495.00 0.971550
500.00 0.970730
505.00 0.971470
510.00 0.971340
515.00 0.972810
520.00 0.970960
525.00 0.972520
530.00 0.972440
535.00 0.973060
540.00 0.972810
545.00 0.975030
550.00 0.973610
555.00 0.974370
560.00 0.974150
565.00 0.975360
570.00 0.974850
575.00 0.975920
580.00 0.974730
585.00 0.975460
590.00 0.975300
595.00 0.974750
600.00 0.974780
605.00 0.975910
610.00 0.976080
615.00 0.975970
620.00 0.976170
625.00 0.977320
630.00 0.977200
635.00 0.978350
640.00 0.977990
645.00 0.979190
650.00 0.978460
655.00 0.979170
660.00 0.977600
665.00 0.978670
670.00 0.979400
675.00 0.978880
680.00 0.978760
685.00 0.978830
690.00 0.978750
695.00 0.979140
700.00 0.978300
705.00 0.978190
710.00 0.978490
715.00 0.978110
720.00 0.978800
725.00 0.975840
730.00 0.976870
735.00 0.975120
740.00 0.974960
745.00 0.973750
750.00 0.973110
755.00 0.973770
760.00 0.973340
765.00 0.973390
770.00 0.973300
775.00 0.973870
780.00 0.972890
785.00 0.974190
790.00 0.974360
795.00 0.974920
800.00 0.980860
805.00 0.975180
810.00 0.975010
815.00 0.974860
820.00 0.974210
825.00 0.975340
830.00 0.975050
835.00 0.973830
840.00 0.974320
845.00 0.973160
850.00 0.972620
855.00 0.971540
860.00 0.971900
865.00 0.970720
870.00 0.970730
875.00 0.970980
880.00 0.972010
885.00 0.970760
890.00 0.969910
895.00 0.970600
900.00 0.970530
905.00 0.969600
910.00 0.970810
915.00 0.969890
920.00 0.968640
925.00 0.969460
930.00 0.969050
935.00 0.966640
940.00 0.965680
945.00 0.964130
950.00 0.962670
955.00 0.959910
960.00 0.956770
965.00 0.954330
970.00 0.951880
975.00 0.948780
980.00 0.946490
985.00 0.946060
990.00 0.946090
995.00 0.946550
1000.00 0.947100
1005.00 0.948140
1010.00 0.949180
1015.00 0.951180
1020.00 0.952230
1025.00 0.953940
1030.00 0.956420
1035.00 0.958670
1040.00 0.960170
1045.00 0.962100
1050.00 0.962700
1055.00 0.964250
1060.00 0.965340
1065.00 0.966290
1070.00 0.966120
1075.00 0.967090
1080.00 0.966820
1085.00 0.965970
1090.00 0.966220
1095.00 0.965360
1100.00 0.965290
1105.00 0.963870
1110.00 0.963730
1115.00 0.962580
1120.00 0.961560
1125.00 0.959970
1130.00 0.957580
1135.00 0.956570
1140.00 0.953360
1145.00 0.949250
1150.00 0.943730
1155.00 0.937150
1160.00 0.931070
1165.00 0.925660
1170.00 0.921780
1175.00 0.918410
1180.00 0.916120
1185.00 0.913920
1190.00 0.912440
1195.00 0.910570
1200.00 0.909540
1205.00 0.910780
1210.00 0.910760
1215.00 0.910840
1220.00 0.910900
1225.00 0.910650
1230.00 0.911090
1235.00 0.911690
1240.00 0.911590
1245.00 0.912080
1250.00 0.912340
1255.00 0.912680
1260.00 0.912890
1265.00 0.913720
1270.00 0.913680
1275.00 0.913490
1280.00 0.912820
1285.00 0.912940
1290.00 0.911480
1295.00 0.910780
1300.00 0.909260
1305.00 0.906110
1310.00 0.903700
1315.00 0.900480
1320.00 0.896290
1325.00 0.891720
1330.00 0.887510
1335.00 0.882750
1340.00 0.876690
1345.00 0.872010
1350.00 0.866070
1355.00 0.861360
1360.00 0.857450
1365.00 0.847190
1370.00 0.843910
1375.00 0.838700
1380.00 0.838960
1385.00 0.823850
1390.00 0.819050
1395.00 0.810310
1400.00 0.797320
1405.00 0.781270
1410.00 0.757520
1415.00 0.739220
1420.00 0.717690
1425.00 0.699250
1430.00 0.681630
1435.00 0.665950
1440.00 0.655490
1445.00 0.649090
1450.00 0.644630
1455.00 0.641750
1460.00 0.640360
1465.00 0.639220
1470.00 0.637270
1475.00 0.637800
1480.00 0.641040
1485.00 0.645750
1490.00 0.649600
1495.00 0.654000
1500.00 0.659550
1505.00 0.664480
1510.00 0.670030
1515.00 0.673930
1520.00 0.677050
1525.00 0.681090
1530.00 0.683260
1535.00 0.685690
1540.00 0.686700
1545.00 0.687750
1550.00 0.688690
1555.00 0.689350
1560.00 0.690880
1565.00 0.690750
1570.00 0.691530
1575.00 0.692680
1580.00 0.693110
1585.00 0.692940
1590.00 0.693260
1595.00 0.693370
1600.00 0.694410
1605.00 0.695240
1610.00 0.696930
1615.00 0.697400
1620.00 0.698930
1625.00 0.701420
1630.00 0.703040
1635.00 0.705640
1640.00 0.707730
1645.00 0.710120
1650.00 0.713630
1655.00 0.716220
1660.00 0.719240
1665.00 0.720090
1670.00 0.722650
1675.00 0.724560
1680.00 0.727170
1685.00 0.728320
1690.00 0.729700
1695.00 0.730320
1700.00 0.731360
1705.00 0.732430
1710.00 0.733400
1715.00 0.734130
1720.00 0.735020
1725.00 0.736210
1730.00 0.737740
1735.00 0.738590
1740.00 0.739130
1745.00 0.740160
1750.00 0.740400
1755.00 0.741550
1760.00 0.742350
1765.00 0.743400
1770.00 0.743460
1775.00 0.745180
1780.00 0.746450
1785.00 0.747920
1790.00 0.749180
1795.00 0.750140
1800.00 0.752620
1805.00 0.753460
1810.00 0.755150
1815.00 0.756710
1820.00 0.758180
1825.00 0.757580
1830.00 0.759120
1835.00 0.759190
1840.00 0.753910
1845.00 0.749680
1850.00 0.744510
1855.00 0.738190
1860.00 0.729020
1865.00 0.719900
1870.00 0.709530
1875.00 0.675170
1880.00 0.651820
1885.00 0.629590
1890.00 0.600360
1895.00 0.564900
1900.00 0.531340
1905.00 0.490170
1910.00 0.453820
1915.00 0.422520
1920.00 0.394380
1925.00 0.372690
1930.00 0.361930
1935.00 0.354850
1940.00 0.348600
1945.00 0.343520
1950.00 0.340320
1955.00 0.337530
1960.00 0.336030
1965.00 0.335490
1970.00 0.335800
1975.00 0.337170
1980.00 0.340830
1985.00 0.346040
1990.00 0.352600
1995.00 0.360900
2000.00 0.370250
2005.00 0.379980
2010.00 0.390480
2015.00 0.401060
2020.00 0.412430
2025.00 0.423250
2030.00 0.433940
2035.00 0.444080
2040.00 0.454000
2045.00 0.462370
2050.00 0.470690
2055.00 0.478870
2060.00 0.485520
2065.00 0.492840
2070.00 0.499930
2075.00 0.507310
2080.00 0.515150
2085.00 0.524250
2090.00 0.531970
2095.00 0.539620
2100.00 0.545440
2105.00 0.551680
2110.00 0.556850
2115.00 0.561800
2120.00 0.566570
2125.00 0.570300
2130.00 0.573640
2135.00 0.576000
2140.00 0.577500
2145.00 0.579620
2150.00 0.580690
2155.00 0.582370
2160.00 0.583460
2165.00 0.583830
2170.00 0.584110
2175.00 0.584950
2180.00 0.585420
2185.00 0.586020
2190.00 0.586890
2195.00 0.587380
2200.00 0.588580
2205.00 0.589350
2210.00 0.590410
2215.00 0.591640
2220.00 0.592470
2225.00 0.592950
2230.00 0.593980
2235.00 0.594510
2240.00 0.595690
2245.00 0.596440
2250.00 0.595950
2255.00 0.595570
2260.00 0.593870
2265.00 0.592090
2270.00 0.588960
2275.00 0.585690
2280.00 0.581110
2285.00 0.576140
2290.00 0.570360
2295.00 0.564820
2300.00 0.557530
2305.00 0.550130
2310.00 0.542100
2315.00 0.533260
2320.00 0.522960
2325.00 0.513000
2330.00 0.501740
2335.00 0.489680
2340.00 0.477830
2345.00 0.464430
2350.00 0.451640
2355.00 0.438660
2360.00 0.426060
2365.00 0.414040
2370.00 0.403280
2375.00 0.391960
2380.00 0.382180
2385.00 0.372960
2390.00 0.364340
2395.00 0.356350
2400.00 0.349060
2405.00 0.341660
2410.00 0.335420
2415.00 0.330310
2420.00 0.325220
2425.00 0.321760
2430.00 0.318940
2435.00 0.317360
2440.00 0.315520
2445.00 0.314500
2450.00 0.312470
2455.00 0.310470
2460.00 0.308530
2465.00 0.305790
2470.00 0.303450
2475.00 0.299620
2480.00 0.301010
2485.00 0.294250
2490.00 0.291500
2495.00 0.289250
2500.00 0.286740
2505.00 0.285060
2510.00 0.282290
2515.00 0.280930
2520.00 0.278480
2525.00 0.277540
2530.00 0.277050
2535.00 0.273990
2540.00 0.274600
2545.00 0.274080
2550.00 0.272030
2555.00 0.269270
2560.00 0.277700
2565.00 0.269970
2570.00 0.270660
2575.00 0.268880
2580.00 0.269450
2585.00 0.270970
2586.90 0.270970
2588.20 0.270741
2589.50 0.270664
2590.80 0.270597
2592.10 0.270384
2593.40 0.269833
2594.70 0.270257
2596.00 0.271411
2597.30 0.271080
2598.60 0.269535
2599.90 0.268687
2601.20 0.268746
2602.50 0.268500
2603.80 0.268322
2605.10 0.268186
2606.40 0.268424
2607.70 0.268398
2609.00 0.267923
2610.30 0.267346
2611.70 0.267116
2613.00 0.266802
2614.30 0.266616
2615.60 0.266225
2616.90 0.266030
2618.30 0.265826
2619.60 0.265300
2620.90 0.265003
2622.20 0.264841
2623.60 0.263670
2624.90 0.262983
2626.20 0.262915
2627.50 0.262855
2628.90 0.262193
2630.20 0.261395
2631.50 0.261574
2632.90 0.261242
2634.20 0.260300
2635.60 0.260088
2636.90 0.259511
2638.20 0.258671
2639.60 0.257796
2640.90 0.257117
2642.30 0.256430
2643.60 0.255725
2645.00 0.255182
2646.30 0.254740
2647.70 0.254299
2649.00 0.253671
2650.40 0.252695
2651.70 0.251838
2653.10 0.251523
2654.40 0.250810
2655.80 0.249851
2657.20 0.249308
2658.50 0.248408
2659.90 0.247254
2661.30 0.246201
2662.60 0.245480
2664.00 0.244852
2665.40 0.244504
2666.70 0.244419
2668.10 0.243494
2669.50 0.241753
2670.90 0.240930
2672.20 0.240455
2673.60 0.238596
2675.00 0.237068
2676.40 0.236287
2677.80 0.235235
2679.10 0.233953
2680.50 0.232807
2681.90 0.231678
2683.30 0.230031
2684.70 0.228376
2686.10 0.226848
2687.50 0.225108
2688.90 0.223147
2690.30 0.221136
2691.70 0.218801
2693.10 0.216594
2694.50 0.215058
2695.90 0.213827
2697.30 0.211722
2698.70 0.209125
2700.10 0.206969
2701.50 0.205135
2702.90 0.202971
2704.30 0.200866
2705.70 0.198879
2707.10 0.196944
2708.50 0.195111
2710.00 0.193116
2711.40 0.191028
2712.80 0.188829
2714.20 0.186351
2715.60 0.183949
2717.10 0.181529
2718.50 0.179433
2719.90 0.177345
2721.30 0.175112
2722.80 0.172303
2724.20 0.169171
2725.60 0.166709
2727.10 0.163933
2728.50 0.161030
2729.90 0.158246
2731.40 0.155182
2732.80 0.152330
2734.20 0.149452
2735.70 0.146592
2737.10 0.143281
2738.60 0.140039
2740.00 0.137094
2741.50 0.134165
2742.90 0.130863
2744.40 0.127561
2745.80 0.124650
2747.30 0.121653
2748.70 0.118666
2750.20 0.115678
2751.70 0.113029
2753.10 0.110483
2754.60 0.107860
2756.10 0.105458
2757.50 0.103005
2759.00 0.100144
2760.50 0.097572
2761.90 0.095238
2763.40 0.092989
2764.90 0.090934
2766.30 0.089067
2767.80 0.087047
2769.30 0.084865
2770.80 0.083091
2772.30 0.081445
2773.70 0.079849
2775.20 0.078160
2776.70 0.076666
2778.20 0.075333
2779.70 0.073797
2781.20 0.072405
2782.70 0.071233
2784.20 0.070155
2785.70 0.069213
2787.20 0.068228
2788.70 0.067210
2790.20 0.065928
2791.70 0.064944
2793.20 0.064417
2794.70 0.063526
2796.20 0.062677
2797.70 0.062168
2799.20 0.061395
2800.70 0.060691
2802.20 0.060360
2803.80 0.059901
2805.30 0.059307
2806.80 0.058722
2808.30 0.058204
2809.80 0.057712
2811.40 0.057253
2812.90 0.056990
2814.40 0.056642
2815.90 0.056150
2817.50 0.055581
2819.00 0.055233
2820.50 0.054868
2822.10 0.054605
2823.60 0.054223
2825.10 0.053934
2826.70 0.053790
2828.20 0.053637
2829.80 0.053416
2831.30 0.052984
2832.90 0.052729
2834.40 0.052585
2836.00 0.052406
2837.50 0.052067
2839.10 0.051625
2840.60 0.051549
2842.20 0.051464
2843.70 0.051277
2845.30 0.051040
2846.90 0.050878
2848.40 0.050649
2850.00 0.050463
2851.60 0.050463
2853.10 0.050463
2854.70 0.050352
2856.30 0.050216
2857.80 0.050064
2859.40 0.050182
2861.00 0.050165
2862.60 0.049979
2864.20 0.049851
2865.70 0.049894
2867.30 0.050004
2868.90 0.050089
2870.50 0.050208
2872.10 0.050191
2873.70 0.050081
2875.30 0.050089
2876.90 0.050284
2878.50 0.050564
2880.10 0.050878
2881.70 0.050963
2883.30 0.051091
2884.90 0.051133
2886.50 0.050989
2888.10 0.050921
2889.70 0.050912
2891.30 0.050972
2892.90 0.051142
2894.50 0.051396
2896.20 0.051592
2897.80 0.051812
2899.40 0.051973
2901.00 0.052160
2902.70 0.052169
2904.30 0.051957
2905.90 0.052186
2907.50 0.052627
2909.20 0.052746
2910.80 0.052822
2912.40 0.053043
2914.10 0.053255
2915.70 0.053442
2917.40 0.053561
2919.00 0.053697
2920.60 0.053858
2922.30 0.053841
2923.90 0.054087
2925.60 0.054350
2927.20 0.054554
2928.90 0.054834
2930.50 0.055123
2932.20 0.055343
2933.90 0.055420
2935.50 0.055479
2937.20 0.056090
2938.90 0.056642
2940.50 0.056735
2942.20 0.056786
2943.90 0.057236
2945.50 0.057525
2947.20 0.057754
2948.90 0.057924
2950.60 0.058280
2952.20 0.058739
2953.90 0.059121
2955.60 0.059469
2957.30 0.059460
2959.00 0.059503
2960.70 0.060029
2962.40 0.060411
2964.10 0.060657
2965.80 0.061158
2967.40 0.061625
2969.10 0.061769
2970.90 0.061956
2972.60 0.062533
2974.30 0.063110
2976.00 0.063365
2977.70 0.063526
2979.40 0.063984
2981.10 0.064366
2982.80 0.064689
2984.50 0.065062
2986.30 0.065589
2988.00 0.066047
2989.70 0.066387
2991.40 0.066743
2993.10 0.067337
2994.90 0.067787
2996.60 0.068110
2998.30 0.068305
3000.10 0.068670
3001.80 0.069043
3003.60 0.069459
3005.30 0.069918
3007.00 0.070393
3008.80 0.070673
3010.50 0.070945
3012.30 0.071437
3014.00 0.071785
3015.80 0.072133
3017.50 0.072464
3019.30 0.072744
3021.10 0.073101
3022.80 0.073338
3024.60 0.073618
3026.30 0.074094
3028.10 0.074552
3029.90 0.074926
3031.70 0.075189
3033.40 0.075588
3035.20 0.075927
3037.00 0.076106
3038.80 0.076258
3040.50 0.076428
3042.30 0.076810
3044.10 0.077192
3045.90 0.077413
3047.70 0.077472
3049.50 0.077684
3051.30 0.078109
3053.10 0.078338
3054.90 0.078414
3056.70 0.078711
3058.50 0.078975
3060.30 0.079178
3062.10 0.079552
3063.90 0.079781
3065.70 0.080027
3067.50 0.080282
3069.40 0.080435
3071.20 0.080867
3073.00 0.081215
3074.80 0.081436
3076.60 0.081818
3078.50 0.082209
3080.30 0.082574
3082.10 0.082913
3084.00 0.083304
3085.80 0.083643
3087.60 0.084008
3089.50 0.084534
3091.30 0.085044
3093.20 0.085477
3095.00 0.085960
3096.90 0.086555
3098.70 0.087064
3100.60 0.087454
3102.40 0.087998
3104.30 0.088685
3106.10 0.089135
3108.00 0.089593
3109.90 0.090272
3111.70 0.090867
3113.60 0.091418
3115.50 0.092089
3117.30 0.092700
3119.20 0.093023
3121.10 0.093532
3123.00 0.094219
3124.90 0.094915
3126.70 0.095527
3128.60 0.096070
3130.50 0.096673
3132.40 0.097241
3134.30 0.097784
3136.20 0.098404
3138.10 0.098956
3140.00 0.099499
3141.90 0.100025
3143.80 0.100721
3145.70 0.101460
3147.60 0.102258
3149.50 0.102911
3151.40 0.103446
3153.40 0.104074
3155.30 0.104719
3157.20 0.105331
3159.10 0.105959
3161.10 0.106587
3163.00 0.107181
3164.90 0.107801
3166.90 0.108590
3168.80 0.109379
3170.70 0.109999
3172.70 0.110432
3174.60 0.110941
3176.60 0.111561
3178.50 0.112206
3180.50 0.112894
3182.40 0.113505
3184.40 0.114141
3186.30 0.114659
3188.30 0.115245
3190.20 0.116026
3192.20 0.116730
3194.20 0.117290
3196.10 0.117961
3198.10 0.118683
3200.10 0.119277
3202.10 0.119930
3204.00 0.120592
3206.00 0.121170
3208.00 0.121891
3210.00 0.122511
3212.00 0.123139
3214.00 0.123725
3216.00 0.124293
3218.00 0.124964
3220.00 0.125533
3222.00 0.126110
3224.00 0.126831
3226.00 0.127587
3228.00 0.128215
3230.00 0.128826
3232.00 0.129403
3234.00 0.130023
3236.00 0.130651
3238.10 0.131220
3240.10 0.131933
3242.10 0.132663
3244.10 0.133410
3246.20 0.134038
3248.20 0.134623
3250.20 0.135141
3252.30 0.135786
3254.30 0.136508
3256.40 0.137263
3258.40 0.137951
3260.50 0.138587
3262.50 0.139292
3264.60 0.139937
3266.60 0.140599
3268.70 0.141261
3270.70 0.141949
3272.80 0.142526
3274.90 0.143163
3277.00 0.143655
3279.00 0.144181
3281.10 0.144928
3283.20 0.145718
3285.30 0.146167
3287.30 0.146753
3289.40 0.147534
3291.50 0.148179
3293.60 0.148833
3295.70 0.149452
3297.80 0.150072
3299.90 0.150590
3302.00 0.151252
3304.10 0.152067
3306.20 0.152788
3308.30 0.153348
3310.40 0.153892
3312.50 0.154613
3314.70 0.155326
3316.80 0.155946
3318.90 0.156549
3321.00 0.157194
3323.20 0.157966
3325.30 0.158781
3327.40 0.159324
3329.60 0.159867
3331.70 0.160496
3333.80 0.161200
3336.00 0.161871
3338.10 0.162524
3340.30 0.163118
3342.40 0.163687
3344.60 0.164120
3346.80 0.164782
3348.90 0.165529
3351.10 0.166217
3353.30 0.166700
3355.40 0.167286
3357.60 0.168076
3359.80 0.168687
3362.00 0.169205
3364.10 0.169926
3366.30 0.170622
3368.50 0.171327
3370.70 0.171980
3372.90 0.172736
3375.10 0.173347
3377.30 0.173899
3379.50 0.174645
3381.70 0.175367
3383.90 0.175851
3386.10 0.176513
3388.30 0.177133
3390.50 0.177761
3392.80 0.178508
3395.00 0.179068
3397.20 0.179603
3399.40 0.180180
3401.70 0.180757
3403.90 0.181487
3406.10 0.182175
3408.40 0.182862
3410.60 0.183541
3412.90 0.184178
3415.10 0.184857
3417.40 0.185544
3419.60 0.186164
3421.90 0.186784
3424.10 0.187344
3426.40 0.188014
3428.70 0.188626
3430.90 0.188982
3433.20 0.189466
3435.50 0.190018
3437.80 0.190535
3440.00 0.191096
3442.30 0.191698
3444.60 0.192233
3446.90 0.192725
3449.20 0.193286
3451.50 0.193761
3453.80 0.194338
3456.10 0.194949
3458.40 0.195442
3460.70 0.196019
3463.00 0.196520
3465.30 0.197114
3467.60 0.197496
3470.00 0.197810
3472.30 0.198353
3474.60 0.198964
3477.00 0.199525
3479.30 0.200068
3481.60 0.200586
3484.00 0.201112
3486.30 0.201587
3488.70 0.202156
3491.00 0.202691
3493.40 0.203090
3495.70 0.203556
3498.10 0.204091
3500.40 0.204796
3502.80 0.205381
3505.20 0.205933
3507.50 0.206425
3509.90 0.206943
3512.30 0.207436
3514.70 0.207911
3517.10 0.208395
3519.40 0.208717
3521.80 0.209159
3524.20 0.209566
3526.60 0.209991
3529.00 0.210474
3531.40 0.210958
3533.80 0.211535
3536.20 0.212028
3538.70 0.212554
3541.10 0.213012
3543.50 0.213369
3545.90 0.213768
3548.30 0.214192
3550.80 0.214642
3553.20 0.215126
3555.60 0.215618
3558.10 0.216136
3560.50 0.216552
3563.00 0.217053
3565.40 0.217570
3567.90 0.217910
3570.30 0.218233
3572.80 0.218750
3575.30 0.219378
3577.70 0.219871
3580.20 0.220278
3582.70 0.220762
3585.20 0.221263
3587.60 0.221713
3590.10 0.222103
3592.60 0.222460
3595.10 0.222850
3597.60 0.223292
3600.10 0.223775
3602.60 0.224251
3605.10 0.224667
3607.60 0.225125
3610.10 0.225515
3612.60 0.225940
3615.20 0.226305
3617.70 0.226619
3620.20 0.227086
3622.70 0.227578
3625.30 0.227909
3627.80 0.228198
3630.30 0.228690
3632.90 0.229208
3635.40 0.229590
3638.00 0.229997
3640.50 0.230405
3643.10 0.230889
3645.70 0.231440
3648.20 0.231771
3650.80 0.232009
3653.40 0.232416
3655.90 0.232900
3658.50 0.233359
3661.10 0.233758
3663.70 0.234038
3666.30 0.234352
3668.90 0.234623
3671.50 0.235082
3674.10 0.235676
3676.70 0.235990
3679.30 0.236330
3681.90 0.236694
3684.50 0.237110
3687.20 0.237450
3689.80 0.237756
3692.40 0.238087
3695.00 0.238519
3697.70 0.238918
3700.30 0.239224
3703.00 0.239580
3705.60 0.239945
3708.30 0.240149
3710.90 0.240489
3713.60 0.240854
3716.20 0.241210
3718.90 0.241524
3721.60 0.241872
3724.20 0.242135
3726.90 0.242373
3729.60 0.242670
3732.30 0.243044
3735.00 0.243332
3737.70 0.243612
3740.40 0.243876
3743.10 0.244079
3745.80 0.244427
3748.50 0.244623
3751.20 0.244801
3753.90 0.245200
3756.60 0.245514
3759.30 0.245768
3762.10 0.245947
3764.80 0.246125
3767.50 0.246346
3770.30 0.246651
3773.00 0.246974
3775.80 0.247254
3778.50 0.247441
3781.30 0.247687
3784.00 0.247874
3786.80 0.248162
3789.60 0.248442
3792.30 0.248688
3795.10 0.248892
3797.90 0.249147
3800.70 0.249486
3803.50 0.249809
3806.30 0.250072
3809.10 0.250301
3811.90 0.250479
3814.70 0.250692
3817.50 0.250946
3820.30 0.251175
3823.10 0.251294
3825.90 0.251515
3828.80 0.251719
3831.60 0.251905
3834.40 0.252067
3837.30 0.252245
3840.10 0.252449
3842.90 0.252661
3845.80 0.252771
3848.70 0.252983
3851.50 0.253153
3854.40 0.253196
3857.20 0.253255
3860.10 0.253382
3863.00 0.253569
3865.90 0.253646
3868.80 0.253629
3871.60 0.253637
3874.50 0.253654
3877.40 0.253747
3880.30 0.253926
3883.20 0.254027
3886.20 0.253943
3889.10 0.253858
3892.00 0.253909
3894.90 0.254027
3897.80 0.253926
3900.80 0.253654
3903.70 0.253662
3906.70 0.253654
3909.60 0.253569
3912.60 0.253331
3915.50 0.253111
3918.50 0.252916
3921.40 0.252703
3924.40 0.252491
3927.40 0.252228
3930.40 0.251787
3933.30 0.251320
3936.30 0.250972
3939.30 0.250615
3942.30 0.250225
3945.30 0.249826
3948.30 0.249333
3951.30 0.248850
3954.30 0.248349
3957.40 0.247687
3960.40 0.246999
3963.40 0.246227
3966.40 0.245505
3969.50 0.244648
3972.50 0.243561
3975.60 0.242416
3978.60 0.240998
3981.70 0.239377
3984.70 0.237467
3987.80 0.235498
3990.90 0.233571
3993.90 0.231619
3997.00 0.229819
4000.10 0.228062
4003.20 0.226322
4006.30 0.224624
4009.40 0.223003
4012.50 0.221331
4015.60 0.219659
4018.70 0.217961
4021.80 0.216238
4024.90 0.214600
4028.10 0.213148
4031.20 0.211731
4034.30 0.210279
4037.50 0.208904
4040.60 0.207733
4043.80 0.206689
4046.90 0.205967
4050.10 0.205500
4053.30 0.205407
4056.40 0.205602
4059.60 0.206069
4062.80 0.206706
4066.00 0.207393
4069.20 0.207877
4072.40 0.208208
4075.60 0.208259
4078.80 0.207953
4082.00 0.207385
4085.20 0.206638
4088.40 0.205865
4091.70 0.204847
4094.90 0.203429
4098.10 0.201833
4101.40 0.200127
4104.60 0.198115
4107.90 0.195959
4111.10 0.193710
4114.40 0.191452
4117.70 0.189373
4120.90 0.187446
4124.20 0.185527
4127.50 0.183719
4130.80 0.182234
4134.10 0.180944
4137.40 0.180002
4140.70 0.179620
4144.00 0.179713
4147.30 0.180044
4150.60 0.180545
4154.00 0.181164
4157.30 0.181750
4160.60 0.182141
4164.00 0.182336
4167.30 0.182582
4170.70 0.182811
4174.00 0.182811
4177.40 0.182803
4180.80 0.182692
4184.10 0.182344
4187.50 0.182005
4190.90 0.181928
4194.30 0.182395
4197.70 0.183388
4201.10 0.184984
4204.50 0.187225
4207.90 0.190145
4211.30 0.193676
4214.70 0.197632
4218.20 0.201867
4221.60 0.205950
4225.00 0.209515
4228.50 0.212444
4231.90 0.214591
4235.40 0.215627
4238.90 0.215661
4242.30 0.214600
4245.80 0.212427
4249.30 0.209269
4252.80 0.204439
4256.30 0.198404
4259.80 0.194134
4263.30 0.194898
4266.80 0.198285
4270.30 0.200416
4273.80 0.201001
4277.30 0.200730
4280.90 0.199864
4284.40 0.198769
4288.00 0.197708
4291.50 0.196851
4295.10 0.195781
4298.60 0.194262
4302.20 0.192955
4305.80 0.192106
4309.30 0.191147
4312.90 0.190043
4316.50 0.188974
4320.10 0.187981
4323.70 0.187225
4327.30 0.186504
4330.90 0.185884
4334.60 0.185222
4338.20 0.184500
4341.80 0.183711
4345.50 0.182947
4349.10 0.182302
4352.80 0.181699
4356.40 0.180901
4360.10 0.179900
4363.80 0.178754
4367.40 0.177396
4371.10 0.175766
4374.80 0.174017
4378.50 0.172226
4382.20 0.170393
4385.90 0.168627
4389.60 0.166904
4393.30 0.165291
4397.10 0.163747
4400.80 0.162219
4404.50 0.160657
4408.30 0.159061
4412.00 0.157499
4415.80 0.155870
4419.60 0.154248
4423.30 0.152831
4427.10 0.151651
4430.90 0.150844
4434.70 0.150683
4438.50 0.151133
4442.30 0.152177
4446.10 0.153637
4449.90 0.155301
4453.70 0.157134
4457.60 0.159078
4461.40 0.160861
4465.20 0.162550
4469.10 0.164247
4472.90 0.165920
4476.80 0.167498
4480.70 0.168984
4484.50 0.170257
4488.40 0.171233
4492.30 0.172023
4496.20 0.172481
4500.10 0.172744
4504.00 0.172905
4507.90 0.172804
4511.90 0.172515
4515.80 0.172031
4519.70 0.171327
4523.70 0.170563
4527.60 0.169918
4531.60 0.169289
4535.60 0.168704
4539.50 0.168169
4543.50 0.167609
4547.50 0.166896
4551.50 0.166166
4555.50 0.165470
4559.50 0.164825
4563.50 0.164341
4567.50 0.164052
4571.50 0.163738
4575.60 0.163254
4579.60 0.162686
4583.70 0.162108
4587.70 0.161344
4591.80 0.160368
4595.90 0.159579
4599.90 0.158959
4604.00 0.158467
4608.10 0.158314
4612.20 0.158577
4616.30 0.159358
4620.40 0.160937
4624.60 0.163229
4628.70 0.165869
4632.80 0.168678
4637.00 0.171114
4641.10 0.173067
4645.30 0.174340
4649.40 0.175061
4653.60 0.175257
4657.80 0.175002
4662.00 0.174467
4666.20 0.173805
4670.40 0.172863
4674.60 0.171793
4678.80 0.170656
4683.00 0.169340
4687.30 0.167804
4691.50 0.166115
4695.80 0.164188
4700.00 0.162159
4704.30 0.160105
4708.60 0.157924
4712.90 0.155555
4717.10 0.153034
4721.40 0.150344
4725.70 0.147500
4730.10 0.144478
4734.40 0.141389
4738.70 0.138248
4743.00 0.135107
4747.40 0.132315
4751.70 0.130235
4756.10 0.129098
4760.50 0.128996
4764.80 0.129564
4769.20 0.130634
4773.60 0.132009
4778.00 0.133384
4782.40 0.134734
4786.80 0.136262
4791.30 0.137925
4795.70 0.139852
4800.10 0.142441
4804.60 0.145650
4809.00 0.149359
4813.50 0.153654
4818.00 0.158229
4822.50 0.162770
4826.90 0.167252
4831.40 0.171386
4835.90 0.174858
4840.50 0.177472
4845.00 0.179263
4849.50 0.180307
4854.10 0.180613
4858.60 0.180434
4863.20 0.179883
4867.70 0.178856
4872.30 0.177234
4876.90 0.175146
4881.50 0.172685
4886.10 0.170019
4890.70 0.167201
4895.30 0.164392
4899.90 0.162032
4904.60 0.160614
4909.20 0.160105
4913.90 0.160351
4918.50 0.161098
4923.20 0.162091
4927.90 0.163390
4932.60 0.165173
4937.30 0.167880
4942.00 0.171776
4946.70 0.176411
4951.40 0.181394
4956.20 0.186359
4960.90 0.190892
4965.60 0.194831
4970.40 0.198200
4975.20 0.200891
4980.00 0.203149
4984.70 0.205229
4989.50 0.207240
4994.30 0.209227
4999.20 0.211213
5004.00 0.212995
5008.80 0.214549
5013.70 0.215890
5018.50 0.216917
5023.40 0.217868
5028.30 0.218725
5033.10 0.219362
5038.00 0.219862
5042.90 0.220287
5047.80 0.220711
5052.80 0.221017
5057.70 0.221246
5062.60 0.221433
5067.60 0.221653
5072.50 0.221883
5077.50 0.222086
5082.50 0.222239
5087.50 0.222443
5092.50 0.222553
5097.50 0.222697
5102.50 0.222816
5107.50 0.222884
5112.60 0.222961
5117.60 0.222944
5122.70 0.222935
5127.70 0.223020
5132.80 0.223020
5137.90 0.222978
5143.00 0.222910
5148.10 0.222918
5153.20 0.222884
5158.30 0.222723
5163.50 0.222613
5168.60 0.222596
5173.80 0.222468
5179.00 0.222409
5184.10 0.222315
5189.30 0.222171
5194.50 0.222103
5199.70 0.222095
5205.00 0.221984
5210.20 0.221891
5215.40 0.221713
5220.70 0.221568
5225.90 0.221288
5231.20 0.221017
5236.50 0.220813
5241.80 0.220652
5247.10 0.220355
5252.40 0.220024
5257.70 0.219642
5263.10 0.219319
5268.40 0.218886
5273.80 0.218368
5279.20 0.217876
5284.50 0.217316
5289.90 0.216611
5295.30 0.215949
5300.80 0.215202
5306.20 0.214286
5311.60 0.213318
5317.10 0.212376
5322.50 0.211450
5328.00 0.210474
5333.50 0.209379
5339.00 0.208259
5344.50 0.207028
5350.00 0.205874
5355.50 0.204838
5361.00 0.203709
5366.60 0.202504
5372.20 0.201366
5377.70 0.200280
5383.30 0.199329
5388.90 0.198430
5394.50 0.197691
5400.10 0.197122
5405.80 0.196672
5411.40 0.196214
5417.10 0.195781
5422.70 0.195408
5428.40 0.195051
5434.10 0.194270
5439.80 0.193430
5445.50 0.192819
5451.20 0.192547
5457.00 0.192624
5462.70 0.192997
5468.50 0.193549
5474.30 0.194007
5480.10 0.194253
5485.90 0.194432
5491.70 0.194126
5497.50 0.193778
5503.30 0.193396
5509.20 0.193006
5515.00 0.192479
5520.90 0.191945
5526.80 0.191359
5532.70 0.190595
5538.60 0.189627
5544.50 0.188668
5550.50 0.187853
5556.40 0.187149
5562.40 0.186308
5568.40 0.185375
5574.30 0.184492
5580.30 0.183830
5586.40 0.182989
5592.40 0.181759
5598.40 0.180613
5604.50 0.179628
5610.50 0.178550
5616.60 0.177447
5622.70 0.176394
5628.80 0.175197
5634.90 0.173975
5641.10 0.172965
5647.20 0.171887
5653.40 0.170444
5659.50 0.168873
5665.70 0.167346
5671.90 0.165767
5678.10 0.164247
5684.40 0.162635
5690.60 0.160912
5696.90 0.159256
5703.10 0.157686
5709.40 0.156336
5715.70 0.155318
5722.00 0.153917
5728.30 0.152415
5734.70 0.151040
5741.00 0.149749
5747.40 0.148256
5753.80 0.146736
5760.10 0.144869
5766.60 0.143307
5773.00 0.141847
5779.40 0.139716
5785.90 0.137552
5792.30 0.135651
5798.80 0.133605
5805.30 0.131602
5811.80 0.129641
5818.30 0.127748
5824.90 0.126008
5831.40 0.124174
5838.00 0.122078
5844.60 0.120075
5851.20 0.117970
5857.80 0.115924
5864.40 0.113836
5871.00 0.111586
5877.70 0.109023
5884.40 0.106629
5891.10 0.103684
5897.80 0.100560
5904.50 0.097521
5911.20 0.093956
5918.00 0.090408
5924.70 0.087013
5931.50 0.083592
5938.30 0.080341
5945.10 0.076785
5951.90 0.072931
5958.80 0.069273
5965.60 0.065852
5972.50 0.062524
5979.40 0.059256
5986.30 0.056124
5993.20 0.053298
6000.20 0.050547
6007.10 0.047976
6014.10 0.045658
6021.10 0.043562
6028.10 0.041541
6035.10 0.039649
6042.10 0.038036
6049.20 0.036737
6056.20 0.035515
6063.30 0.034131
6070.40 0.033045
6077.50 0.032400
6084.70 0.031763
6091.80 0.031347
6099.00 0.031152
6106.20 0.031160
6113.40 0.031415
6120.60 0.031848
6127.80 0.032366
6135.10 0.033189
6142.30 0.034309
6149.60 0.035668
6156.90 0.037289
6164.30 0.039284
6171.60 0.041474
6178.90 0.043680
6186.30 0.046100
6193.70 0.048714
6201.10 0.051108
6208.50 0.053374
6216.00 0.055674
6223.50 0.058068
6230.90 0.060445
6238.40 0.062694
6245.90 0.064876
6253.50 0.066989
6261.00 0.069094
6268.60 0.071089
6276.20 0.072838
6283.80 0.074450
6291.40 0.075953
6299.10 0.077345
6306.70 0.078644
6314.40 0.079781
6322.10 0.080723
6329.80 0.081546
6337.60 0.082370
6345.30 0.083253
6353.10 0.084042
6360.90 0.084458
6368.70 0.085052
6376.50 0.085740
6384.40 0.086207
6392.30 0.086716
6400.20 0.087412
6408.10 0.088142
6416.00 0.089203
6424.00 0.090128
6431.90 0.090383
6439.90 0.090654
6447.90 0.090960
6456.00 0.091206
6464.00 0.091486
6472.10 0.091724
6480.20 0.092114
6488.30 0.092403
6496.40 0.092700
6504.60 0.092836
6512.70 0.092496
6520.90 0.092335
6529.10 0.092284
6537.40 0.092004
6545.60 0.091851
6553.90 0.091690
6562.20 0.091512
6570.50 0.091240
6578.90 0.091172
6587.20 0.090901
6595.60 0.090383
6604.00 0.089848
6612.40 0.089390
6620.90 0.088957
6629.30 0.088380
6637.80 0.087896
6646.30 0.087378
6654.90 0.086342
6663.40 0.085196
6672.00 0.084373
6680.60 0.083626
6689.20 0.082769
6697.80 0.081682
6706.50 0.080613
6715.20 0.079764
6723.90 0.078949
6732.60 0.078007
6741.40 0.077141
6750.20 0.076377
6759.00 0.075774
6767.80 0.075206
6776.60 0.074663
6785.50 0.074162
6794.40 0.073771
6803.30 0.073296
6812.30 0.072719
6821.20 0.072252
6830.20 0.071870
6839.20 0.071352
6848.30 0.070605
6857.30 0.069765
6866.40 0.069018
6875.50 0.068042
6884.60 0.066794
6893.80 0.065623
6903.00 0.064375
6912.20 0.063008
6921.40 0.061506
6930.70 0.060003
6939.90 0.058425
6949.20 0.056684
6958.60 0.055029
6967.90 0.053569
6977.30 0.051914
6986.70 0.050191
6996.10 0.048587
7005.60 0.047016
7015.10 0.045624
7024.60 0.044309
7034.10 0.042883
7043.70 0.041550
7053.20 0.040353
7062.90 0.039012
7072.50 0.037654
7082.20 0.036330
7091.80 0.035184
7101.60 0.034174
7111.30 0.033214
7121.10 0.032247
7130.90 0.031356
7140.70 0.030464
7150.50 0.029624
7160.40 0.028707
7170.30 0.027723
7180.20 0.026636
7190.20 0.025626
7200.20 0.024701
7210.20 0.023801
7220.20 0.022842
7230.30 0.021874
7240.40 0.020957
7250.50 0.019998
7260.70 0.018929
7270.90 0.017978
7281.10 0.017053
7291.30 0.016068
7301.60 0.015041
7311.90 0.013989
7322.20 0.012962
7332.60 0.012019
7343.00 0.010984
7353.40 0.009948
7363.80 0.009031
7374.30 0.008157
7384.80 0.007283
7395.30 0.006426
7405.90 0.005645
7416.50 0.004932
7427.10 0.004253
7437.80 0.003667
7448.50 0.003166
7459.20 0.002759
7469.90 0.002283
7480.70 0.001842
7491.50 0.001536
7502.40 0.001324
7513.20 0.001078
7524.10 0.000993
7535.10 0.001010
7546.00 0.001078
7557.00 0.001256
7568.10 0.001570
7579.10 0.002063
7590.20 0.002665
7601.40 0.003344
7612.50 0.004244
7623.70 0.005365
7635.00 0.006799
7646.20 0.008590
7657.50 0.010755
7668.80 0.013352
7680.20 0.016484
7691.60 0.020177
7703.00 0.024395
7714.50 0.029132
7726.00 0.034242
7737.50 0.039504
7749.10 0.044801
7760.70 0.049622
7772.30 0.053357
7784.00 0.055403
7795.70 0.055471
7807.40 0.053637
7819.20 0.050395
7831.00 0.046592
7842.90 0.042934
7854.80 0.039521
7866.70 0.036482
7878.60 0.033885
7890.60 0.031644
7902.60 0.029717
7914.70 0.028122
7926.80 0.026772
7939.00 0.025668
7951.10 0.024735
7963.30 0.023894
7975.60 0.023207
7987.90 0.022621
8000.20 0.022163
8012.60 0.021798
8025.00 0.021407
8037.40 0.021110
8049.90 0.020932
8062.40 0.020890
8075.00 0.020805
8087.60 0.020762
8100.20 0.020779
8112.90 0.020839
8125.60 0.021000
8138.40 0.021255
8151.20 0.021458
8164.00 0.021704
8176.90 0.021985
8189.80 0.022290
8202.70 0.022596
8215.70 0.022901
8228.80 0.023173
8241.90 0.023394
8255.00 0.023716
8268.20 0.023996
8281.40 0.024217
8294.60 0.024463
8307.90 0.024658
8321.20 0.024871
8334.60 0.024904
8348.00 0.024871
8361.50 0.024896
8375.00 0.024888
8388.60 0.024811
8402.20 0.024582
8415.80 0.024242
8429.50 0.023877
8443.20 0.023419
8457.00 0.022995
8470.80 0.022596
8484.70 0.022299
8498.60 0.021934
8512.50 0.021518
8526.50 0.020890
8540.60 0.020024
8554.70 0.019090
8568.80 0.018233
8583.00 0.017571
8597.20 0.017163
8611.50 0.016892
8625.80 0.016773
8640.20 0.016764
8654.60 0.016637
8669.10 0.016569
8683.60 0.016671
8698.20 0.016841
8712.80 0.017010
8727.50 0.017240
8742.20 0.017494
8757.00 0.017588
8771.80 0.017537
8786.70 0.017333
8801.60 0.017036
8816.60 0.016391
8831.60 0.015567
8846.60 0.014761
8861.80 0.014040
8876.90 0.013411
8892.20 0.012758
8907.40 0.012198
8922.80 0.011951
8938.20 0.011884
8953.60 0.011926
8969.10 0.012198
8984.60 0.012868
9000.20 0.013734
9015.90 0.014422
9031.60 0.014863
9047.40 0.014973
9063.20 0.014999
9079.00 0.015007
9095.00 0.015084
9111.00 0.015406
9127.00 0.015635
9143.10 0.015797
9159.30 0.015975
9175.50 0.016128
9191.70 0.016314
9208.10 0.016569
9224.40 0.016917
9240.90 0.017223
9257.40 0.017460
9273.90 0.017902
9290.60 0.018411
9307.20 0.018903
9324.00 0.019548
9340.80 0.020618
9357.60 0.022129
9374.60 0.023869
9391.50 0.025940
9408.60 0.028257
9425.70 0.030388
9442.90 0.032586
9460.10 0.035022
9477.40 0.037162
9494.80 0.039207
9512.20 0.041024
9529.70 0.042407
9547.20 0.043366
9564.80 0.043765
9582.50 0.043494
9600.30 0.042331
9618.10 0.040141
9635.90 0.036661
9653.90 0.031831
9671.90 0.025584
9690.00 0.019175
9708.10 0.014803
9726.30 0.013471
9744.60 0.014201
9763.00 0.015202
9781.40 0.015644
9799.90 0.016009
9818.40 0.016892
9837.10 0.018801
9855.80 0.021883
9874.50 0.025881
9893.40 0.030235
9912.30 0.034615
9931.30 0.038825
9950.40 0.042535
9969.50 0.045531
9988.70 0.048128
10008.00 0.050429
10027.30 0.052619
10046.80 0.054970
10066.30 0.057245
10085.90 0.059095
10105.50 0.060920
10125.30 0.062855
10145.10 0.065122
10165.00 0.067312
10184.90 0.069154
10205.00 0.070851
10225.10 0.072540
10245.30 0.074179
10265.60 0.075596
10286.00 0.076734
10306.40 0.077888
10327.00 0.078932
10347.60 0.079815
10368.30 0.080757
10389.00 0.081572
10409.90 0.082132
10430.90 0.082506
10451.90 0.082913
10473.00 0.083278
10494.20 0.083422
10515.50 0.083558
10536.90 0.083575
10558.30 0.083584
10579.90 0.083524
10601.50 0.083499
10623.20 0.083363
10645.00 0.083108
10666.90 0.082726
10688.90 0.082310
10711.00 0.081979
10733.20 0.081462
10755.50 0.080833
10777.80 0.080248
10800.30 0.079739
10822.80 0.079229
10845.50 0.078652
10868.20 0.078032
10891.00 0.077574
10914.00 0.077116
10937.00 0.076674
10960.10 0.076335
10983.30 0.076021
11006.70 0.075741
11030.10 0.075503
11053.60 0.075163
11077.20 0.074960
11100.90 0.074900
11124.80 0.074680
11148.70 0.074357
11172.70 0.073950
11196.80 0.073406
11221.10 0.072829
11245.40 0.072311
11269.90 0.071853
11294.40 0.071318
11319.10 0.070520
11343.80 0.069748
11368.70 0.069171
11393.70 0.068483
11418.80 0.067821
11444.00 0.067100
11469.30 0.066420
11494.80 0.065894
11520.30 0.065334
11546.00 0.064876
11571.70 0.064375
11597.60 0.063806
11623.60 0.063365
11649.70 0.062643
11676.00 0.061990
11702.30 0.061625
11728.80 0.061056
11755.40 0.060555
11782.10 0.060368
11809.00 0.060080
11835.90 0.059783
11863.00 0.059452
11890.20 0.059180
11917.60 0.058985
11945.00 0.058611
11972.60 0.058051
12000.30 0.057796
12028.20 0.057533
12056.10 0.056897
12084.20 0.056218
12112.50 0.055564
12140.80 0.055089
12169.30 0.054596
12198.00 0.054019
12226.70 0.053281
12255.60 0.052653
12284.70 0.052194
12313.90 0.051753
12343.20 0.051040
12372.60 0.050267
12402.20 0.049851
12432.00 0.049334
12461.90 0.048604
12491.90 0.048111
12522.10 0.047594
12552.40 0.046677
12582.90 0.045904
12613.50 0.045302
12644.20 0.044563
12675.10 0.043969
12706.20 0.043222
12737.40 0.042356
12768.80 0.041457
12800.30 0.040514
12832.00 0.039793
12863.90 0.038910
12895.90 0.037968
12928.00 0.036898
12960.30 0.035786
12992.80 0.034742
13025.50 0.033613
13058.30 0.032425
13091.30 0.031415
13124.40 0.030481
13157.70 0.029497
13191.20 0.028317
13224.80 0.027239
13258.70 0.025991
13292.70 0.024786
13326.80 0.023682
13361.20 0.022434
13395.70 0.021288
13430.40 0.020117
13465.30 0.018861
13500.40 0.017579
13535.60 0.016153
13571.00 0.014591
13606.70 0.013352
13642.50 0.012223
13678.50 0.010772
13714.60 0.009346
13751.00 0.008285
13787.60 0.007555
13824.40 0.006842
13861.30 0.006154
13898.50 0.005806
13935.80 0.005628
13973.40 0.005916
14011.20 0.006417
14049.10 0.007300
14087.30 0.007979
14125.70 0.007962
14164.30 0.008403
14203.10 0.008904
14242.10 0.009405
14281.40 0.009923
14320.80 0.010279
14360.50 0.010839
14400.40 0.011603
14440.50 0.012104
14480.80 0.012860
14521.40 0.014099
14562.20 0.015041
14603.20 0.015610
14644.40 0.016068
14685.90 0.016578
14727.70 0.016909
14769.60 0.017087
14811.80 0.017180
14854.30 0.016976
14896.90 0.016527
14939.90 0.016289
14983.00 0.016705
15026.50 0.016705
15070.20 0.015372
15114.10 0.014540
15158.30 0.014090
15202.70 0.013666
15247.50 0.013276
15292.40 0.012614
15337.70 0.012028
15383.20 0.011705
15429.00 0.011281
15475.00 0.010678
15521.40 0.010016
15568.00 0.009430
15614.90 0.008862
15662.00 0.008242
15709.50 0.007538
15757.20 0.006799
15805.30 0.006332
15853.60 0.005891
15902.30 0.005738
15951.20 0.006646
16000.40 0.008531
16050.00 0.009787
16099.80 0.010237
16150.00 0.010500
16200.40 0.011196
16251.20 0.012461
16302.30 0.013496
16353.70 0.014379
16405.50 0.015491
16457.60 0.016518
16510.00 0.017036
16562.70 0.017944
16615.80 0.019124
16669.20 0.019837
16723.00 0.020007
16777.10 0.020202
16831.60 0.020516
16886.40 0.020516
16941.60 0.020389
16997.20 0.020278
17053.10 0.020117
17109.40 0.019990
17166.00 0.019438
17223.00 0.018878
17280.50 0.018606
17338.20 0.018377
17396.40 0.018207
17455.00 0.017893
17514.00 0.017554
17573.30 0.017138
17633.10 0.016722
17693.30 0.016034
17753.90 0.015279
17814.90 0.015194
17876.30 0.015067
17938.20 0.014574
18000.50 0.014014
18063.20 0.013488
18126.30 0.013080
18189.90 0.012783
18254.00 0.012478
18318.50 0.012079
18383.50 0.011722
18448.90 0.011502
18514.80 0.010899
18581.10 0.010093
18648.00 0.009413
18715.30 0.009210
18783.10 0.009261
18851.40 0.008454
18920.20 0.007487
18989.50 0.007028
19059.30 0.006689
19129.70 0.006850
19200.50 0.007266
19271.90 0.006409
19343.80 0.005713
19416.20 0.006171
19489.20 0.007215
19562.80 0.007784
19636.90 0.008293
19711.50 0.009413
19786.80 0.010356
19862.60 0.010746
19939.00 0.011340
20016.00 0.012113
20093.50 0.013165
20171.70 0.013878
20250.50 0.014040
20329.90 0.014006
20410.00 0.013895
20490.70 0.014099
20572.00 0.014294
20653.90 0.014532
20736.50 0.014965
20819.80 0.015525
20903.80 0.015729
20988.40 0.015016
21073.70 0.014515
21159.70 0.014515
21246.50 0.013709
21333.90 0.012249
21422.00 0.011145
21510.90 0.010721
21600.60 0.009498
21690.90 0.008488
21782.10 0.008429
21874.00 0.007724
21966.70 0.005721
22060.10 0.005263
22154.40 0.006027
22249.50 0.006035
22345.40 0.005195
22442.10 0.005602
22539.70 0.006392
22638.10 0.007291
22737.40 0.009261
22837.60 0.011561
22938.70 0.014277
23040.60 0.017180
23143.50 0.019073
23247.20 0.019455
23352.00 0.018326
23457.60 0.018496
23564.30 0.019871
23671.80 0.020686
23780.40 0.019073
23890.00 0.018326
24000.60 0.018284
24112.30 0.018190
24224.90 0.019090
24338.70 0.018063
24453.50 0.016535
24569.40 0.017978
24686.40 0.018122
24804.50 0.016578
24923.70 0.015627
25044.10 0.015822
25165.70 0.016841
25288.50 0.015966
25412.40 0.014922
25537.60 0.014286
25664.00 0.015669
25791.70 0.015084
25920.70 0.014116
