300.00 0.181790
305.00 0.186440
310.00 0.193280
315.00 0.194600
320.00 0.197560
325.00 0.198790
330.00 0.200080
335.00 0.202990
340.00 0.204780
345.00 0.206270
350.00 0.208960
355.00 0.211630
360.00 0.214440
365.00 0.218440
370.00 0.222220
375.00 0.227130
380.00 0.232990
385.00 0.239270
390.00 0.246210
395.00 0.252370
400.00 0.256950
405.00 0.260960
410.00 0.265310
415.00 0.270290
420.00 0.275570
425.00 0.282190
430.00 0.289670
435.00 0.297340
440.00 0.305070
445.00 0.311090
450.00 0.315920
455.00 0.319660
460.00 0.322130
465.00 0.324760
470.00 0.326540
475.00 0.329170
480.00 0.332160
485.00 0.336370
490.00 0.340380
495.00 0.345590
500.00 0.349950
505.00 0.355820
510.00 0.360240
515.00 0.365550
520.00 0.369980
525.00 0.374490
530.00 0.378180
535.00 0.382760
540.00 0.386030
545.00 0.389020
550.00 0.391690
555.00 0.394540
560.00 0.396450
565.00 0.398600
570.00 0.400390
575.00 0.402680
580.00 0.403430
585.00 0.404660
590.00 0.406140
595.00 0.407150
600.00 0.408300
605.00 0.408530
610.00 0.409400
615.00 0.409870
620.00 0.410650
625.00 0.411100
630.00 0.411720
635.00 0.412120
640.00 0.412620
645.00 0.413130
650.00 0.413380
655.00 0.413580
660.00 0.414340
665.00 0.414530
670.00 0.415220
675.00 0.415550
680.00 0.415850
685.00 0.416730
690.00 0.417120
695.00 0.417420
700.00 0.418190
705.00 0.418560
710.00 0.419390
715.00 0.419830
720.00 0.420700
725.00 0.421220
730.00 0.421960
735.00 0.422970
740.00 0.423810
745.00 0.424630
750.00 0.425680
755.00 0.426970
760.00 0.427930
765.00 0.428220
770.00 0.429230
775.00 0.430250
780.00 0.431120
785.00 0.431470
790.00 0.432080
795.00 0.432840
800.00 0.432910
805.00 0.433260
810.00 0.433930
815.00 0.433750
820.00 0.433560
825.00 0.433360
830.00 0.433460
835.00 0.432850
840.00 0.432490
845.00 0.432400
850.00 0.432050
855.00 0.431380
860.00 0.431440
865.00 0.430850
865.20 0.430850
865.30 0.431325
865.50 0.430920
865.60 0.431413
865.80 0.432170
865.90 0.431730
866.00 0.430920
866.20 0.430656
866.30 0.430868
866.50 0.430762
866.60 0.430815
866.80 0.429988
866.90 0.429495
867.10 0.430146
867.20 0.430375
867.30 0.430269
867.50 0.430111
867.60 0.429319
867.80 0.429935
867.90 0.430885
868.10 0.429389
868.20 0.429354
868.40 0.429530
868.50 0.429125
868.70 0.429864
868.80 0.430304
869.00 0.430093
869.10 0.431044
869.20 0.432135
869.40 0.431800
869.50 0.429671
869.70 0.429671
869.80 0.429776
870.00 0.428404
870.10 0.427717
870.30 0.427084
870.40 0.427049
870.60 0.428104
870.70 0.428720
870.80 0.429231
871.00 0.429037
871.10 0.427946
871.30 0.427489
871.40 0.428456
871.60 0.428984
871.70 0.428474
871.90 0.428175
872.00 0.428263
872.20 0.428017
872.30 0.428298
872.50 0.428228
872.60 0.429072
872.80 0.429336
872.90 0.429108
873.00 0.430252
873.20 0.430146
873.30 0.428791
873.50 0.427805
873.60 0.427858
873.80 0.427735
873.90 0.428140
874.10 0.428932
874.20 0.428544
874.40 0.428069
874.50 0.428439
874.70 0.427893
874.80 0.427788
875.00 0.428263
875.10 0.428773
875.30 0.428615
875.40 0.428474
875.50 0.428228
875.70 0.428562
875.80 0.428104
876.00 0.427313
876.20 0.428421
876.30 0.428474
876.40 0.426802
876.60 0.426802
876.70 0.427330
876.90 0.426837
877.00 0.427348
877.20 0.428069
877.30 0.427207
877.50 0.426485
877.60 0.426468
877.80 0.427365
877.90 0.428562
878.10 0.429688
878.20 0.429794
878.40 0.428544
878.50 0.427348
878.70 0.426468
878.80 0.426186
879.00 0.426767
879.10 0.427559
879.30 0.428069
879.40 0.428192
879.60 0.427647
879.70 0.426802
879.90 0.426732
880.00 0.428140
880.20 0.427647
880.30 0.426908
880.50 0.427594
880.60 0.427401
880.80 0.426521
880.90 0.426204
881.10 0.426063
881.20 0.426433
881.40 0.425236
881.50 0.425447
881.70 0.427031
881.80 0.427101
882.00 0.426644
882.10 0.425253
882.30 0.424602
882.40 0.425693
882.60 0.426468
882.70 0.425781
882.90 0.425148
883.00 0.426221
883.20 0.426573
883.30 0.427101
883.50 0.427365
883.60 0.426679
883.80 0.426450
883.90 0.426433
884.10 0.425799
884.20 0.425095
884.40 0.425341
884.50 0.424919
884.70 0.424778
884.80 0.425324
885.00 0.425271
885.10 0.424849
885.30 0.425553
885.40 0.426767
885.60 0.426116
885.70 0.425165
885.90 0.425095
886.00 0.425429
886.20 0.425781
886.30 0.426063
886.50 0.426661
886.60 0.426063
886.80 0.425113
886.90 0.425007
887.10 0.424409
887.20 0.424602
887.40 0.425095
887.50 0.424426
887.70 0.423933
887.80 0.423828
888.00 0.424021
888.20 0.424497
888.30 0.424373
888.50 0.424479
888.60 0.424285
888.80 0.423881
888.90 0.423705
889.10 0.423071
889.20 0.422913
889.40 0.423423
889.50 0.424004
889.70 0.424215
889.80 0.425025
890.00 0.425887
890.10 0.425218
890.30 0.424373
890.40 0.424356
890.60 0.424180
890.80 0.424021
890.90 0.424708
891.00 0.423669
891.20 0.423969
891.40 0.424514
891.50 0.424919
891.70 0.424461
891.80 0.423194
892.00 0.422983
892.10 0.423687
892.30 0.424813
892.40 0.424954
892.60 0.424796
892.70 0.423916
892.90 0.423423
893.00 0.424268
893.20 0.424391
893.40 0.424109
893.50 0.424197
893.70 0.424004
893.80 0.422596
894.00 0.422420
894.10 0.423757
894.30 0.423863
894.40 0.423212
894.60 0.422543
894.70 0.422156
894.90 0.422860
895.00 0.423335
895.20 0.423282
895.40 0.422983
895.50 0.422930
895.70 0.423423
895.80 0.423705
896.00 0.423546
896.10 0.422983
896.30 0.422191
896.40 0.422015
896.60 0.422350
896.80 0.422332
896.90 0.422772
897.10 0.423212
897.20 0.423775
897.40 0.423265
897.50 0.423282
897.70 0.423405
897.80 0.423458
898.00 0.423458
898.20 0.423071
898.30 0.423071
898.50 0.422438
898.60 0.421716
898.80 0.422508
898.90 0.422983
899.10 0.421945
899.20 0.421241
899.40 0.421910
899.60 0.422772
899.70 0.422103
899.90 0.421927
900.00 0.422526
900.20 0.421857
900.30 0.421417
900.50 0.421540
900.70 0.422420
900.80 0.422174
901.00 0.421839
901.10 0.421716
901.30 0.421839
901.40 0.421962
901.60 0.422490
901.80 0.422350
901.90 0.421804
902.10 0.421294
902.20 0.421364
902.40 0.421698
902.50 0.422121
902.70 0.422578
902.80 0.422526
903.00 0.421804
903.20 0.421646
903.30 0.421786
903.50 0.421434
903.60 0.421329
903.80 0.421998
904.00 0.422543
904.10 0.422613
904.30 0.422473
904.40 0.421487
904.60 0.420678
904.70 0.421082
904.90 0.422262
905.00 0.422297
905.20 0.421610
905.40 0.421505
905.50 0.421135
905.70 0.420431
905.80 0.420924
906.00 0.420713
906.20 0.421610
906.30 0.421628
906.50 0.421135
906.60 0.421241
906.80 0.420889
907.00 0.420977
907.10 0.421258
907.30 0.421241
907.40 0.421311
907.60 0.421892
907.70 0.422332
907.90 0.421698
908.10 0.421241
908.20 0.421047
908.40 0.420994
908.50 0.420889
908.70 0.420572
908.90 0.419974
909.00 0.419657
909.20 0.419727
909.30 0.419991
909.50 0.420818
909.70 0.421364
909.80 0.421522
910.00 0.421206
910.10 0.420906
910.30 0.420414
910.50 0.420537
910.60 0.420889
910.80 0.420625
910.90 0.420801
911.10 0.420942
911.30 0.420854
911.40 0.421153
911.60 0.420660
911.70 0.420519
911.90 0.420924
912.10 0.421065
912.20 0.421118
912.40 0.421223
912.50 0.420414
912.70 0.420361
912.90 0.420607
913.00 0.419727
913.20 0.419410
913.30 0.419692
913.50 0.420167
913.70 0.419886
913.80 0.419991
914.00 0.420343
914.20 0.419622
914.30 0.419322
914.50 0.419727
914.60 0.420255
914.80 0.420167
915.00 0.419762
915.10 0.419833
915.30 0.420026
915.40 0.420290
915.60 0.420290
915.80 0.419710
915.90 0.419340
916.10 0.419551
916.30 0.419604
916.40 0.419551
916.60 0.419569
916.70 0.419850
916.90 0.419956
917.10 0.419604
917.20 0.419428
917.40 0.419833
917.50 0.419674
917.70 0.419463
917.90 0.419534
918.00 0.419498
918.20 0.419129
918.40 0.419006
918.50 0.419094
918.70 0.419199
918.80 0.419762
919.00 0.420026
919.20 0.419745
919.30 0.418970
919.50 0.419094
919.70 0.419340
919.80 0.419498
920.00 0.419446
920.20 0.419041
920.30 0.418918
920.50 0.419111
920.60 0.419358
920.80 0.419710
921.00 0.419463
921.10 0.419358
921.30 0.419252
921.50 0.419428
921.60 0.419886
921.80 0.419745
922.00 0.419428
922.10 0.419023
922.30 0.419375
922.40 0.419463
922.60 0.419129
922.80 0.419604
922.90 0.420044
923.10 0.419762
923.30 0.419410
923.40 0.418935
923.60 0.418618
923.80 0.419006
923.90 0.418742
924.10 0.418284
924.30 0.418284
924.40 0.418724
924.60 0.419058
924.70 0.418460
924.90 0.418143
925.10 0.418548
925.20 0.418530
925.40 0.418319
925.60 0.418390
925.70 0.418847
925.90 0.419586
926.10 0.419094
926.20 0.418513
926.40 0.418882
926.60 0.418618
926.70 0.418038
926.90 0.417985
927.10 0.418407
927.20 0.418654
927.40 0.418794
927.60 0.418618
927.70 0.418354
927.90 0.418372
928.00 0.417985
928.20 0.418284
928.40 0.418425
928.50 0.418583
928.70 0.418970
928.90 0.418847
929.00 0.418372
929.20 0.418108
929.40 0.418742
929.50 0.418918
929.70 0.418196
929.90 0.417756
930.00 0.417562
930.20 0.417386
930.40 0.417686
930.50 0.417879
930.70 0.418108
930.90 0.418161
931.00 0.418636
931.20 0.418390
931.40 0.417844
931.60 0.418073
931.70 0.417897
931.90 0.417967
932.10 0.418390
932.20 0.418689
932.40 0.418478
932.60 0.418266
932.70 0.418249
932.90 0.418390
933.10 0.418759
933.20 0.419094
933.40 0.418882
933.60 0.418178
933.70 0.418073
933.90 0.418231
934.10 0.417650
934.20 0.417809
934.40 0.418178
934.60 0.417879
934.80 0.417580
934.90 0.417492
935.10 0.417510
935.30 0.417351
935.40 0.417070
935.60 0.417158
935.80 0.417580
935.90 0.418126
936.10 0.418161
936.30 0.417580
936.40 0.417105
936.60 0.417158
936.80 0.417422
936.90 0.417668
937.10 0.418126
937.30 0.418390
937.50 0.417809
937.60 0.417756
937.80 0.417527
938.00 0.417263
938.10 0.417756
938.30 0.417492
938.50 0.417386
938.60 0.417967
938.80 0.418495
939.00 0.418513
939.20 0.418530
939.30 0.418038
939.50 0.417668
939.70 0.417844
939.80 0.417932
940.00 0.417862
940.20 0.417668
940.30 0.417668
940.50 0.417545
940.70 0.417633
940.80 0.417914
941.00 0.417439
941.20 0.417598
941.40 0.417791
941.50 0.417967
941.70 0.417862
941.90 0.417650
942.00 0.418090
942.20 0.418108
942.40 0.417615
942.60 0.417439
942.70 0.417598
942.90 0.417721
943.10 0.417862
943.30 0.417809
943.40 0.417809
943.60 0.417897
943.80 0.417650
943.90 0.417457
944.10 0.418002
944.30 0.418126
944.50 0.418231
944.60 0.418249
944.80 0.418002
945.00 0.417369
945.10 0.417263
945.30 0.417615
945.50 0.417598
945.70 0.417650
945.80 0.417527
946.00 0.417439
946.20 0.417774
946.30 0.418090
946.50 0.418055
946.70 0.417826
946.90 0.417122
947.00 0.416771
947.20 0.417263
947.40 0.417492
947.60 0.417580
947.70 0.417474
947.90 0.417510
948.10 0.417703
948.30 0.417334
948.40 0.417052
948.60 0.417246
948.80 0.417633
949.00 0.418038
949.10 0.418108
949.30 0.417615
949.50 0.417298
949.60 0.417756
949.80 0.417826
950.00 0.417615
950.20 0.417334
950.30 0.417122
950.50 0.417386
950.70 0.417580
950.90 0.417422
951.00 0.417070
951.20 0.416876
951.40 0.417246
951.60 0.417510
951.70 0.417087
951.90 0.416524
952.10 0.416718
952.30 0.417439
952.40 0.417738
952.60 0.417686
952.80 0.417686
953.00 0.417193
953.10 0.416471
953.30 0.416524
953.50 0.416876
953.70 0.416876
953.80 0.416612
954.00 0.416577
954.20 0.417105
954.40 0.417281
954.50 0.417210
954.70 0.416841
954.90 0.416612
955.10 0.417246
955.20 0.417474
955.40 0.417580
955.60 0.417844
955.80 0.417809
956.00 0.417474
956.10 0.417105
956.30 0.416700
956.50 0.416489
956.70 0.416735
956.80 0.417070
957.00 0.417070
957.20 0.416788
957.40 0.417052
957.50 0.417492
957.70 0.416947
957.90 0.416595
958.10 0.416559
958.20 0.416788
958.40 0.417369
958.60 0.417281
958.80 0.417140
959.00 0.417386
959.10 0.417439
959.30 0.417158
959.50 0.416823
959.70 0.416507
959.80 0.416454
960.00 0.416735
960.20 0.417210
960.40 0.417298
960.50 0.417298
960.70 0.417492
960.90 0.417334
961.10 0.417052
961.30 0.416999
961.40 0.417404
961.60 0.417985
961.80 0.417774
962.00 0.417369
962.20 0.416894
962.30 0.416753
962.50 0.417070
962.70 0.416859
962.90 0.416823
963.00 0.417334
963.20 0.417386
963.40 0.417281
963.60 0.416894
963.80 0.416595
963.90 0.417263
964.10 0.417598
964.30 0.417193
964.50 0.416577
964.70 0.416331
964.80 0.416647
965.00 0.416964
965.20 0.417246
965.40 0.417070
965.60 0.416718
965.70 0.416876
965.90 0.416876
966.10 0.416524
966.30 0.416647
966.50 0.416524
966.60 0.416718
966.80 0.417070
967.00 0.416841
967.20 0.416683
967.40 0.416911
967.50 0.417140
967.70 0.417351
967.90 0.417017
968.10 0.416823
968.30 0.416894
968.40 0.416999
968.60 0.416859
968.80 0.416524
969.00 0.416507
969.20 0.416595
969.30 0.416419
969.50 0.416559
969.70 0.416771
969.90 0.416788
970.10 0.416313
970.30 0.416278
970.40 0.416841
970.60 0.417193
970.80 0.416947
971.00 0.416577
971.20 0.416595
971.30 0.417087
971.50 0.417105
971.70 0.417035
971.90 0.416841
972.10 0.416665
972.30 0.416647
972.40 0.416700
972.60 0.416471
972.80 0.416419
973.00 0.416595
973.20 0.416260
973.30 0.416084
973.50 0.416419
973.70 0.416911
973.90 0.416859
974.10 0.416524
974.30 0.416665
974.50 0.416876
974.60 0.416700
974.80 0.416419
975.00 0.416313
975.20 0.416683
975.40 0.416771
975.50 0.416559
975.70 0.416718
975.90 0.416753
976.10 0.416771
976.30 0.417140
976.50 0.416894
976.70 0.416559
976.80 0.416577
977.00 0.416665
977.20 0.416823
977.40 0.416823
977.60 0.417105
977.80 0.417228
977.90 0.416806
978.10 0.416647
978.30 0.416806
978.50 0.416859
978.70 0.416806
978.90 0.416665
979.00 0.416612
979.20 0.416947
979.40 0.416665
979.60 0.416383
979.80 0.416454
980.00 0.416665
980.20 0.416718
980.30 0.416577
980.50 0.417017
980.70 0.416964
980.90 0.416630
981.10 0.416735
981.30 0.417070
981.50 0.416982
981.70 0.416841
981.80 0.416999
982.00 0.417087
982.20 0.416999
982.40 0.416665
982.60 0.416595
982.80 0.416753
983.00 0.416630
983.10 0.416559
983.30 0.416137
983.50 0.416102
983.70 0.416454
983.90 0.416841
984.10 0.417175
984.30 0.417017
984.40 0.416612
984.60 0.416278
984.80 0.416401
985.00 0.416454
985.20 0.415979
985.40 0.416049
985.60 0.416243
985.80 0.416278
985.90 0.416683
986.10 0.416911
986.30 0.416700
986.50 0.416647
986.70 0.416507
986.90 0.416735
987.10 0.416753
987.30 0.416366
987.40 0.416102
987.60 0.416190
987.80 0.416295
988.00 0.416401
988.20 0.416172
988.40 0.416084
988.60 0.416313
988.80 0.416489
989.00 0.416366
989.10 0.416401
989.30 0.416471
989.50 0.416630
989.70 0.416436
989.90 0.416119
990.10 0.416084
990.30 0.416595
990.50 0.416735
990.70 0.416577
990.80 0.416595
991.00 0.416295
991.20 0.416295
991.40 0.416559
991.60 0.416295
991.80 0.416243
992.00 0.416278
992.20 0.416595
992.40 0.416894
992.50 0.416471
992.70 0.416507
992.90 0.416735
993.10 0.416419
993.30 0.416401
993.50 0.416595
993.70 0.416735
993.90 0.416559
994.10 0.416383
994.30 0.416542
994.50 0.416471
994.60 0.416295
994.80 0.416524
995.00 0.416894
995.20 0.416700
995.40 0.416630
995.60 0.416577
995.80 0.416155
996.00 0.416049
996.20 0.415873
996.40 0.416102
996.50 0.416647
996.70 0.416489
996.90 0.416366
997.10 0.416471
997.30 0.416507
997.50 0.416383
997.70 0.416383
997.90 0.416507
998.10 0.416401
998.30 0.416524
998.50 0.416542
998.70 0.416436
998.90 0.416454
999.00 0.416524
999.20 0.416542
999.40 0.416295
999.60 0.416225
999.80 0.416102
1000.00 0.416137
1000.20 0.416383
1000.40 0.416542
1000.60 0.416383
1000.80 0.416419
1001.00 0.416331
1001.20 0.416102
1001.40 0.416313
1001.60 0.416278
1001.80 0.415820
1001.90 0.416119
1002.10 0.416383
1002.30 0.416295
1002.50 0.416348
1002.70 0.416471
1002.90 0.416331
1003.10 0.416243
1003.30 0.416419
1003.50 0.416383
1003.70 0.416049
1003.90 0.416137
1004.10 0.416436
1004.30 0.416559
1004.50 0.416366
1004.70 0.416366
1004.90 0.416524
1005.00 0.416366
1005.30 0.416454
1005.40 0.416542
1005.60 0.416577
1005.80 0.416507
1006.00 0.416383
1006.20 0.416331
1006.40 0.416454
1006.60 0.416419
1006.80 0.416383
1007.00 0.416295
1007.20 0.416137
1007.40 0.416137
1007.60 0.416190
1007.80 0.416119
1008.00 0.416225
1008.20 0.416331
1008.40 0.415979
1008.60 0.415803
1008.80 0.416031
1009.00 0.416137
1009.20 0.416014
1009.40 0.415750
1009.50 0.415503
1009.80 0.415380
1010.00 0.415785
1010.10 0.415961
1010.30 0.415996
1010.50 0.415785
1010.70 0.415468
1010.90 0.415732
1011.10 0.415943
1011.30 0.415767
1011.50 0.415767
1011.70 0.415820
1011.90 0.415838
1012.10 0.415750
1012.30 0.415926
1012.50 0.416419
1012.70 0.416542
1012.90 0.416383
1013.10 0.416155
1013.30 0.416067
1013.50 0.416225
1013.70 0.416260
1013.90 0.415908
1014.10 0.415750
1014.30 0.415767
1014.50 0.415591
1014.70 0.415767
1014.90 0.416067
1015.10 0.416084
1015.30 0.415926
1015.50 0.415767
1015.70 0.416137
1015.90 0.416295
1016.10 0.416031
1016.30 0.415873
1016.50 0.415961
1016.70 0.416014
1016.90 0.415996
1017.10 0.415750
1017.30 0.415785
1017.50 0.415908
1017.70 0.415996
1017.90 0.416014
1018.10 0.416049
1018.30 0.416207
1018.50 0.416049
1018.70 0.415715
1018.90 0.415521
1019.10 0.415398
1019.30 0.415521
1019.50 0.415662
1019.70 0.415750
1019.90 0.415750
1020.10 0.415979
1020.30 0.416207
1020.50 0.416067
1020.70 0.415855
1020.90 0.415679
1021.10 0.415398
1021.30 0.415451
1021.50 0.415803
1021.70 0.415873
1021.90 0.415785
1022.10 0.415662
1022.30 0.415433
1022.50 0.415415
1022.70 0.415679
1022.90 0.415820
1023.10 0.415873
1023.30 0.415979
1023.50 0.415908
1023.70 0.415574
1023.90 0.415468
1024.10 0.415609
1024.30 0.415697
1024.50 0.415803
1024.70 0.415803
1024.90 0.415732
1025.10 0.415891
1025.30 0.415996
1025.50 0.416031
1025.70 0.415750
1025.90 0.415609
1026.10 0.415662
1026.30 0.415521
1026.50 0.415662
1026.80 0.415697
1026.90 0.415591
1027.20 0.415662
1027.40 0.415662
1027.60 0.415697
1027.80 0.415644
1028.00 0.415732
1028.20 0.415767
1028.40 0.415398
1028.60 0.415451
1028.80 0.415574
1029.00 0.415468
1029.20 0.415486
1029.40 0.415644
1029.60 0.415539
1029.80 0.415151
1030.00 0.415116
1030.20 0.415257
1030.40 0.415415
1030.60 0.415380
1030.80 0.415345
1031.00 0.415486
1031.20 0.415715
1031.40 0.415556
1031.70 0.415468
1031.80 0.415591
1032.10 0.415539
1032.30 0.415468
1032.50 0.415380
1032.70 0.415204
1032.90 0.414975
1033.10 0.415063
1033.30 0.415275
1033.50 0.415204
1033.70 0.415011
1033.90 0.415187
1034.10 0.415591
1034.30 0.415451
1034.50 0.415292
1034.70 0.415292
1034.90 0.415363
1035.20 0.415433
1035.40 0.415380
1035.60 0.415081
1035.80 0.414975
1036.00 0.415099
1036.20 0.415204
1036.40 0.415134
1036.60 0.415222
1036.80 0.415134
1037.00 0.414817
1037.20 0.414852
1037.40 0.415169
1037.60 0.415169
1037.80 0.415151
1038.10 0.415169
1038.30 0.415063
1038.50 0.415063
1038.70 0.415151
1038.90 0.415275
1039.10 0.415310
1039.30 0.415363
1039.50 0.415310
1039.70 0.415239
1039.90 0.415292
1040.10 0.415081
1040.30 0.414940
1040.60 0.415081
1040.80 0.414905
1041.00 0.414940
1041.20 0.414940
1041.40 0.414694
1041.60 0.414747
1041.80 0.415011
1042.00 0.415081
1042.20 0.415204
1042.40 0.415046
1042.60 0.414799
1042.80 0.414764
1043.10 0.414729
1043.30 0.414747
1043.50 0.415011
1043.70 0.415151
1043.90 0.415081
1044.10 0.414905
1044.30 0.414923
1044.50 0.415081
1044.80 0.414940
1045.00 0.414799
1045.20 0.414817
1045.40 0.414905
1045.60 0.414887
1045.80 0.414676
1046.00 0.414518
1046.20 0.414518
1046.40 0.414588
1046.60 0.414571
1046.90 0.414676
1047.10 0.414676
1047.30 0.414430
1047.50 0.414500
1047.70 0.414852
1047.90 0.414905
1048.10 0.414835
1048.30 0.414870
1048.60 0.414729
1048.80 0.414588
1049.00 0.414571
1049.20 0.414571
1049.40 0.414553
1049.60 0.414553
1049.80 0.414694
1050.00 0.414641
1050.30 0.414483
1050.50 0.414694
1050.70 0.414711
1050.90 0.414588
1051.10 0.414676
1051.30 0.414782
1051.50 0.414518
1051.70 0.414465
1051.90 0.414324
1052.20 0.414412
1052.40 0.414641
1052.60 0.414782
1052.80 0.414694
1053.00 0.414641
1053.20 0.414782
1053.40 0.414553
1053.70 0.414359
1053.90 0.414412
1054.10 0.414271
1054.30 0.414359
1054.50 0.414571
1054.70 0.414483
1054.90 0.414254
1055.20 0.414183
1055.40 0.414166
1055.60 0.414377
1055.80 0.414342
1056.00 0.414289
1056.20 0.414659
1056.40 0.414606
1056.70 0.414183
1056.90 0.414043
1057.10 0.414113
1057.30 0.414236
1057.50 0.414447
1057.80 0.414606
1058.00 0.414588
1058.20 0.414412
1058.40 0.414183
1058.60 0.414289
1058.80 0.414447
1059.00 0.414518
1059.30 0.414465
1059.50 0.414359
1059.70 0.414183
1059.90 0.414201
1060.10 0.414183
1060.30 0.414183
1060.60 0.414131
1060.80 0.414007
1061.00 0.414166
1061.20 0.414342
1061.40 0.414377
1061.70 0.414113
1061.90 0.413972
1062.10 0.414131
1062.30 0.414307
1062.50 0.414201
1062.70 0.413955
1062.90 0.413831
1063.20 0.413655
1063.40 0.413620
1063.60 0.413779
1063.80 0.413831
1064.00 0.413919
1064.30 0.414131
1064.50 0.414271
1064.70 0.414236
1064.90 0.414007
1065.10 0.413919
1065.30 0.413902
1065.60 0.414025
1065.80 0.414078
1066.00 0.413972
1066.20 0.413902
1066.40 0.413990
1066.70 0.414166
1066.90 0.414271
1067.10 0.414219
1067.30 0.414078
1067.60 0.413972
1067.80 0.414078
1068.00 0.414060
1068.20 0.413884
1068.40 0.413867
1068.70 0.414025
1068.90 0.414166
1069.10 0.414007
1069.30 0.413867
1069.50 0.413743
1069.80 0.413673
1070.00 0.413955
1070.20 0.414025
1070.40 0.413884
1070.60 0.413796
1070.80 0.413814
1071.10 0.413779
1071.30 0.413761
1071.50 0.413779
1071.70 0.413796
1072.00 0.413796
1072.20 0.413814
1072.40 0.413831
1072.60 0.413831
1072.80 0.413779
1073.10 0.413779
1073.30 0.413691
1073.50 0.413603
1073.70 0.413479
1074.00 0.413550
1074.20 0.413779
1074.40 0.413831
1074.60 0.413796
1074.80 0.413673
1075.10 0.413708
1075.30 0.413743
1075.50 0.413620
1075.70 0.413550
1076.00 0.413603
1076.20 0.413708
1076.40 0.413708
1076.60 0.413585
1076.90 0.413515
1077.10 0.413567
1077.30 0.413585
1077.50 0.413779
1077.80 0.413814
1078.00 0.413550
1078.20 0.413532
1078.40 0.413532
1078.70 0.413462
1078.90 0.413532
1079.10 0.413655
1079.30 0.413655
1079.60 0.413691
1079.80 0.413867
1080.00 0.413691
1080.20 0.413427
1080.40 0.413374
1080.70 0.413585
1080.90 0.413620
1081.10 0.413655
1081.30 0.413638
1081.60 0.413638
1081.80 0.413673
1082.00 0.413479
1082.30 0.413479
1082.50 0.413462
1082.70 0.413462
1082.90 0.413462
1083.20 0.413497
1083.40 0.413462
1083.60 0.413515
1083.80 0.413567
1084.10 0.413462
1084.30 0.413356
1084.50 0.413321
1084.80 0.413356
1085.00 0.413603
1085.20 0.413585
1085.40 0.413391
1085.70 0.413567
1085.90 0.413691
1086.10 0.413620
1086.30 0.413409
1086.60 0.413268
1086.80 0.413251
1087.00 0.413321
1087.30 0.413268
1087.50 0.413233
1087.70 0.413303
1087.90 0.413251
1088.20 0.413462
1088.40 0.413479
1088.60 0.413444
1088.80 0.413233
1089.10 0.413180
1089.30 0.413233
1089.50 0.413110
1089.80 0.413075
1090.00 0.413180
1090.20 0.413251
1090.40 0.413092
1090.70 0.412969
1090.90 0.412987
1091.10 0.413092
1091.40 0.413145
1091.60 0.413163
1091.80 0.413356
1092.10 0.413409
1092.30 0.413356
1092.50 0.413268
1092.80 0.413198
1093.00 0.413110
1093.20 0.413075
1093.40 0.413127
1093.70 0.413163
1093.90 0.413127
1094.10 0.413057
1094.40 0.413215
1094.60 0.413356
1094.80 0.413198
1095.10 0.413163
1095.30 0.413215
1095.50 0.413268
1095.80 0.413321
1096.00 0.413391
1096.20 0.413268
1096.40 0.413163
1096.70 0.413092
1096.90 0.413110
1097.10 0.413145
1097.40 0.413356
1097.60 0.413374
1097.80 0.413163
1098.10 0.413145
1098.30 0.413163
1098.50 0.412969
1098.80 0.412775
1099.00 0.412916
1099.20 0.412969
1099.50 0.412969
1099.70 0.413022
1099.90 0.413057
1100.20 0.413075
1100.40 0.413057
1100.60 0.412934
1100.90 0.412969
1101.10 0.413110
1101.30 0.413110
1101.60 0.413163
1101.80 0.413057
1102.00 0.412969
1102.30 0.412916
1102.50 0.412951
1102.70 0.412934
1103.00 0.412987
1103.20 0.413092
1103.40 0.413039
1103.70 0.413110
1103.90 0.413127
1104.20 0.413022
1104.40 0.413039
1104.60 0.413233
1104.90 0.413163
1105.10 0.413039
1105.30 0.413022
1105.60 0.412951
1105.80 0.412951
1106.00 0.413233
1106.30 0.413145
1106.50 0.413004
1106.70 0.413057
1107.00 0.413004
1107.20 0.412846
1107.40 0.412775
1107.70 0.412705
1107.90 0.412705
1108.20 0.412687
1108.40 0.412705
1108.60 0.412775
1108.90 0.412846
1109.10 0.412863
1109.30 0.412863
1109.60 0.412969
1109.80 0.412863
1110.10 0.412846
1110.30 0.412951
1110.50 0.412740
1110.80 0.412758
1111.00 0.412863
1111.30 0.412969
1111.50 0.412846
1111.70 0.412881
1112.00 0.413075
1112.20 0.412863
1112.40 0.412828
1112.70 0.412916
1112.90 0.412881
1113.20 0.412811
1113.40 0.412846
1113.60 0.412881
1113.90 0.412793
1114.10 0.412635
1114.30 0.412793
1114.60 0.412987
1114.80 0.412987
1115.10 0.412723
1115.30 0.412705
1115.60 0.412740
1115.80 0.412635
1116.00 0.412758
1116.30 0.412916
1116.50 0.412916
1116.80 0.412863
1117.00 0.412899
1117.20 0.412828
1117.50 0.412723
1117.70 0.412723
1118.00 0.412916
1118.20 0.413075
1118.40 0.413004
1118.70 0.412969
1118.90 0.412969
1119.20 0.412881
1119.40 0.412863
1119.70 0.412811
1119.90 0.412987
1120.10 0.413022
1120.40 0.412775
1120.60 0.412793
1120.90 0.412934
1121.10 0.412881
1121.30 0.412793
1121.60 0.412881
1121.80 0.412951
1122.10 0.412934
1122.30 0.412758
1122.60 0.412635
1122.80 0.412529
1123.00 0.412582
1123.30 0.412811
1123.50 0.412775
1123.80 0.412723
1124.00 0.412775
1124.30 0.412740
1124.50 0.412687
1124.80 0.412687
1125.00 0.412687
1125.20 0.412740
1125.50 0.412740
1125.70 0.412758
1126.00 0.412740
1126.20 0.412758
1126.50 0.412775
1126.70 0.412740
1126.90 0.412758
1127.20 0.412828
1127.40 0.412846
1127.70 0.412846
1127.90 0.412687
1128.20 0.412705
1128.40 0.412881
1128.70 0.412740
1128.90 0.412758
1129.20 0.412863
1129.40 0.412828
1129.70 0.412899
1129.90 0.412916
1130.10 0.413004
1130.40 0.412969
1130.60 0.412863
1130.90 0.412811
1131.10 0.412723
1131.40 0.412863
1131.60 0.413110
1131.90 0.413039
1132.10 0.412969
1132.40 0.412987
1132.60 0.412828
1132.90 0.412793
1133.10 0.412934
1133.30 0.412934
1133.60 0.413075
1133.80 0.413127
1134.10 0.412881
1134.30 0.412740
1134.60 0.412828
1134.80 0.412934
1135.10 0.412863
1135.30 0.412758
1135.60 0.412793
1135.80 0.412846
1136.10 0.412951
1136.30 0.412793
1136.60 0.412635
1136.80 0.412687
1137.10 0.412775
1137.30 0.412740
1137.60 0.412670
1137.80 0.412635
1138.10 0.412705
1138.30 0.412811
1138.60 0.412793
1138.80 0.412863
1139.10 0.412951
1139.30 0.412987
1139.60 0.412863
1139.80 0.412846
1140.10 0.412846
1140.30 0.412828
1140.60 0.412775
1140.80 0.412793
1141.10 0.412793
1141.30 0.412828
1141.60 0.412793
1141.80 0.412758
1142.10 0.412723
1142.30 0.412687
1142.60 0.412740
1142.80 0.412846
1143.10 0.412793
1143.30 0.412687
1143.60 0.412793
1143.90 0.412934
1144.10 0.412969
1144.40 0.412951
1144.60 0.412775
1144.90 0.412670
1145.10 0.412811
1145.40 0.413075
1145.60 0.413057
1145.90 0.412863
1146.10 0.412863
1146.40 0.412881
1146.60 0.412899
1146.90 0.412863
1147.20 0.412775
1147.40 0.412775
1147.70 0.412828
1147.90 0.412863
1148.20 0.412881
1148.40 0.413004
1148.70 0.413022
1148.90 0.412828
1149.20 0.412775
1149.40 0.412828
1149.70 0.412899
1149.90 0.412811
1150.20 0.412863
1150.40 0.412951
1150.70 0.413075
1151.00 0.413163
1151.20 0.413127
1151.50 0.413039
1151.70 0.413022
1152.00 0.412969
1152.20 0.412969
1152.50 0.412987
1152.80 0.413022
1153.00 0.413022
1153.30 0.412969
1153.50 0.412969
1153.80 0.412969
1154.00 0.413057
1154.30 0.413268
1154.60 0.413233
1154.80 0.413145
1155.10 0.413004
1155.30 0.412951
1155.60 0.413004
1155.80 0.413004
1156.10 0.412881
1156.40 0.412934
1156.60 0.413057
1156.90 0.412969
1157.10 0.412951
1157.40 0.413039
1157.70 0.413110
1157.90 0.413180
1158.20 0.412916
1158.40 0.412775
1158.70 0.413022
1158.90 0.413110
1159.20 0.413075
1159.50 0.413092
1159.70 0.413092
1160.00 0.413004
1160.20 0.412934
1160.50 0.412899
1160.80 0.413004
1161.00 0.413075
1161.30 0.413127
1161.50 0.413163
1161.80 0.413145
1162.10 0.413180
1162.30 0.413251
1162.60 0.413180
1162.80 0.413110
1163.10 0.413286
1163.40 0.413339
1163.60 0.413198
1163.90 0.413004
1164.20 0.412846
1164.40 0.413057
1164.70 0.413180
1164.90 0.413039
1165.20 0.413145
1165.40 0.413303
1165.70 0.413145
1166.00 0.413092
1166.20 0.413215
1166.50 0.413215
1166.80 0.413127
1167.00 0.413110
1167.30 0.413145
1167.60 0.413215
1167.80 0.413286
1168.10 0.413303
1168.30 0.413198
1168.60 0.413198
1168.90 0.413268
1169.10 0.413215
1169.40 0.413251
1169.70 0.413339
1169.90 0.413303
1170.20 0.413303
1170.40 0.413198
1170.70 0.413321
1171.00 0.413444
1171.30 0.413286
1171.50 0.413251
1171.80 0.413303
1172.00 0.413374
1172.30 0.413479
1172.60 0.413515
1172.80 0.413444
1173.10 0.413427
1173.40 0.413479
1173.60 0.413391
1173.90 0.413251
1174.20 0.413198
1174.40 0.413268
1174.70 0.413356
1175.00 0.413409
1175.20 0.413391
1175.50 0.413409
1175.80 0.413585
1176.00 0.413585
1176.30 0.413391
1176.60 0.413462
1176.80 0.413515
1177.10 0.413550
1177.40 0.413620
1177.60 0.413567
1177.90 0.413585
1178.20 0.413515
1178.40 0.413356
1178.70 0.413339
1179.00 0.413444
1179.20 0.413515
1179.50 0.413655
1179.80 0.413691
1180.00 0.413550
1180.30 0.413374
1180.60 0.413409
1180.80 0.413532
1181.10 0.413585
1181.40 0.413567
1181.70 0.413532
1181.90 0.413515
1182.20 0.413497
1182.50 0.413603
1182.70 0.413708
1183.00 0.413638
1183.30 0.413515
1183.50 0.413638
1183.80 0.413638
1184.10 0.413638
1184.40 0.413726
1184.60 0.413726
1184.90 0.413620
1185.20 0.413585
1185.40 0.413673
1185.70 0.413779
1186.00 0.413761
1186.30 0.413708
1186.50 0.413708
1186.80 0.413796
1187.10 0.413761
1187.30 0.413620
1187.60 0.413726
1187.90 0.413796
1188.20 0.413708
1188.40 0.413691
1188.70 0.413884
1189.00 0.413902
1189.30 0.413867
1189.50 0.413902
1189.80 0.413884
1190.10 0.413919
1190.30 0.413919
1190.60 0.413867
1190.90 0.413796
1191.20 0.413884
1191.40 0.413955
1191.70 0.413867
1192.00 0.413814
1192.30 0.413779
1192.50 0.413796
1192.80 0.413849
1193.10 0.414007
1193.30 0.414043
1193.60 0.414060
1193.90 0.414095
1194.20 0.414043
1194.40 0.413990
1194.70 0.413919
1195.00 0.413955
1195.30 0.414043
1195.60 0.414043
1195.80 0.414043
1196.10 0.414131
1196.40 0.414131
1196.70 0.414007
1196.90 0.413937
1197.20 0.414007
1197.50 0.414148
1197.80 0.414113
1198.00 0.414078
1198.30 0.414078
1198.60 0.414007
1198.90 0.413955
1199.20 0.414095
1199.40 0.414113
1199.70 0.414219
1200.00 0.414307
1200.30 0.414236
1200.50 0.414166
1200.80 0.414166
1201.10 0.414078
1201.40 0.414007
1201.70 0.414201
1201.90 0.414307
1202.20 0.414342
1202.50 0.414307
1202.80 0.414219
1203.00 0.414219
1203.30 0.414201
1203.60 0.414113
1203.90 0.414131
1204.20 0.414236
1204.40 0.414342
1204.70 0.414289
1205.00 0.414201
1205.30 0.414183
1205.60 0.414307
1205.80 0.414342
1206.10 0.414236
1206.40 0.414271
1206.70 0.414430
1207.00 0.414447
1207.20 0.414412
1207.50 0.414377
1207.80 0.414377
1208.10 0.414359
1208.40 0.414412
1208.70 0.414483
1208.90 0.414359
1209.20 0.414324
1209.50 0.414447
1209.80 0.414571
1210.10 0.414535
1210.30 0.414588
1210.60 0.414606
1210.90 0.414553
1211.20 0.414535
1211.50 0.414518
1211.80 0.414535
1212.00 0.414571
1212.30 0.414641
1212.60 0.414711
1212.90 0.414676
1213.20 0.414659
1213.50 0.414676
1213.70 0.414606
1214.00 0.414571
1214.30 0.414623
1214.60 0.414659
1214.90 0.414694
1215.20 0.414835
1215.40 0.414835
1215.70 0.414835
1216.00 0.414817
1216.30 0.414729
1216.60 0.414729
1216.90 0.414747
1217.20 0.414729
1217.40 0.414799
1217.70 0.414870
1218.00 0.414835
1218.30 0.414835
1218.60 0.414887
1218.90 0.414835
1219.20 0.414852
1219.40 0.414729
1219.70 0.414641
1220.00 0.414764
1220.30 0.414852
1220.60 0.414835
1220.90 0.414835
1221.20 0.414852
1221.50 0.414870
1221.80 0.414940
1222.00 0.414923
1222.30 0.414835
1222.60 0.414905
1222.90 0.414940
1223.20 0.414940
1223.50 0.414975
1223.80 0.414993
1224.10 0.414975
1224.30 0.414905
1224.60 0.415028
1224.90 0.415116
1225.20 0.415081
1225.50 0.415099
1225.80 0.415099
1226.10 0.414993
1226.40 0.415011
1226.70 0.415099
1227.00 0.415116
1227.30 0.415081
1227.50 0.415011
1227.80 0.415081
1228.10 0.415222
1228.40 0.415239
1228.70 0.415204
1229.00 0.415239
1229.30 0.415204
1229.60 0.415187
1229.90 0.415239
1230.20 0.415134
1230.40 0.415099
1230.70 0.415222
1231.00 0.415327
1231.30 0.415222
1231.60 0.415169
1231.90 0.415292
1232.20 0.415310
1232.50 0.415292
1232.80 0.415222
1233.10 0.415239
1233.40 0.415310
1233.70 0.415310
1234.00 0.415345
1234.30 0.415380
1234.60 0.415345
1234.80 0.415345
1235.10 0.415451
1235.40 0.415433
1235.70 0.415433
1236.00 0.415486
1236.30 0.415468
1236.60 0.415539
1236.90 0.415451
1237.20 0.415380
1237.50 0.415521
1237.80 0.415574
1238.10 0.415539
1238.40 0.415486
1238.70 0.415539
1239.00 0.415697
1239.30 0.415732
1239.60 0.415715
1239.90 0.415679
1240.20 0.415662
1240.50 0.415732
1240.80 0.415715
1241.10 0.415662
1241.30 0.415662
1241.70 0.415732
1241.90 0.415767
1242.20 0.415662
1242.50 0.415803
1242.80 0.415926
1243.10 0.415820
1243.40 0.415750
1243.70 0.415767
1244.00 0.415873
1244.30 0.415943
1244.60 0.415961
1244.90 0.415873
1245.20 0.415855
1245.50 0.415838
1245.80 0.415873
1246.10 0.415943
1246.40 0.415873
1246.70 0.415855
1247.00 0.415943
1247.30 0.415961
1247.60 0.415926
1247.90 0.415943
1248.20 0.416084
1248.50 0.416225
1248.80 0.416119
1249.10 0.416049
1249.40 0.416119
1249.70 0.416102
1250.00 0.416067
1250.30 0.416067
1250.60 0.416014
1250.90 0.415979
1251.20 0.416067
1251.50 0.416119
1251.80 0.416102
1252.10 0.416155
1252.40 0.416243
1252.80 0.416348
1253.10 0.416419
1253.30 0.416348
1253.70 0.416348
1254.00 0.416383
1254.30 0.416366
1254.60 0.416331
1254.90 0.416278
1255.20 0.416225
1255.50 0.416225
1255.80 0.416348
1256.10 0.416436
1256.40 0.416383
1256.70 0.416348
1257.00 0.416295
1257.30 0.416295
1257.60 0.416348
1257.90 0.416471
1258.20 0.416542
1258.50 0.416471
1258.80 0.416489
1259.10 0.416507
1259.40 0.416507
1259.80 0.416524
1260.10 0.416507
1260.40 0.416577
1260.70 0.416559
1261.00 0.416454
1261.30 0.416542
1261.60 0.416612
1261.90 0.416595
1262.20 0.416683
1262.50 0.416647
1262.80 0.416647
1263.10 0.416524
1263.40 0.416401
1263.70 0.416507
1264.10 0.416700
1264.40 0.416753
1264.70 0.416718
1265.00 0.416788
1265.30 0.416911
1265.60 0.416911
1265.90 0.416859
1266.20 0.416859
1266.50 0.416841
1266.80 0.416806
1267.10 0.416788
1267.40 0.416718
1267.80 0.416823
1268.10 0.416947
1268.40 0.416999
1268.70 0.416876
1269.00 0.416788
1269.30 0.416823
1269.60 0.416806
1269.90 0.416999
1270.20 0.417105
1270.60 0.416876
1270.90 0.416788
1271.20 0.416876
1271.50 0.416964
1271.80 0.416894
1272.10 0.416947
1272.40 0.417017
1272.70 0.417087
1273.10 0.417122
1273.40 0.417017
1273.70 0.416982
1274.00 0.417017
1274.30 0.417122
1274.60 0.417140
1274.90 0.417070
1275.20 0.417158
1275.60 0.417228
1275.90 0.417193
1276.20 0.417193
1276.50 0.417210
1276.80 0.417175
1277.10 0.417246
1277.40 0.417140
1277.80 0.417105
1278.10 0.417140
1278.40 0.417122
1278.70 0.417246
1279.00 0.417316
1279.30 0.417263
1279.70 0.417210
1280.00 0.417228
1280.30 0.417334
1280.60 0.417351
1280.90 0.417316
1281.20 0.417298
1281.60 0.417404
1281.90 0.417457
1282.20 0.417404
1282.50 0.417457
1282.80 0.417527
1283.10 0.417492
1283.40 0.417474
1283.80 0.417457
1284.10 0.417439
1284.40 0.417474
1284.70 0.417457
1285.00 0.417422
1285.40 0.417580
1285.70 0.417668
1286.00 0.417650
1286.30 0.417580
1286.60 0.417474
1286.90 0.417457
1287.30 0.417545
1287.60 0.417686
1287.90 0.417668
1288.20 0.417668
1288.60 0.417668
1288.90 0.417650
1289.20 0.417686
1289.50 0.417703
1289.80 0.417738
1290.20 0.417826
1290.50 0.417879
1290.80 0.417809
1291.10 0.417809
1291.40 0.417879
1291.80 0.417897
1292.10 0.417844
1292.40 0.417879
1292.70 0.417879
1293.10 0.417914
1293.40 0.417914
1293.70 0.417914
1294.00 0.417932
1294.30 0.417950
1294.70 0.417914
1295.00 0.417879
1295.30 0.417932
1295.60 0.417950
1296.00 0.417932
1296.30 0.417967
1296.60 0.418055
1296.90 0.418126
1297.30 0.418108
1297.60 0.418143
1297.90 0.418214
1298.20 0.418196
1298.60 0.418178
1298.90 0.418178
1299.20 0.418196
1299.50 0.418196
1299.90 0.418249
1300.20 0.418214
1300.50 0.418266
1300.80 0.418302
1301.20 0.418302
1301.50 0.418249
1301.80 0.418266
1302.10 0.418372
1302.50 0.418337
1302.80 0.418302
1303.10 0.418460
1303.40 0.418495
1303.80 0.418354
1304.10 0.418354
1304.40 0.418372
1304.80 0.418284
1305.10 0.418249
1305.40 0.418249
1305.80 0.418319
1306.10 0.418354
1306.40 0.418425
1306.70 0.418530
1307.10 0.418566
1307.40 0.418495
1307.70 0.418337
1308.10 0.418372
1308.40 0.418495
1308.70 0.418530
1309.10 0.418442
1309.40 0.418460
1309.70 0.418442
1310.00 0.418478
1310.40 0.418601
1310.70 0.418601
1311.00 0.418495
1311.40 0.418495
1311.70 0.418601
1312.00 0.418636
1312.40 0.418548
1312.70 0.418583
1313.00 0.418636
1313.40 0.418671
1313.70 0.418671
1314.00 0.418601
1314.40 0.418583
1314.70 0.418495
1315.00 0.418495
1315.40 0.418548
1315.70 0.418601
1316.00 0.418636
1316.40 0.418618
1316.70 0.418724
1317.00 0.418794
1317.40 0.418812
1317.70 0.418847
1318.00 0.418812
1318.40 0.418812
1318.70 0.418794
1319.00 0.418847
1319.40 0.418900
1319.70 0.418882
1320.10 0.418847
1320.40 0.418882
1320.70 0.418970
1321.10 0.419006
1321.40 0.418918
1321.70 0.418900
1322.10 0.418918
1322.40 0.418988
1322.70 0.418918
1323.10 0.418794
1323.40 0.418794
1323.80 0.418882
1324.10 0.418935
1324.40 0.418970
1324.80 0.419006
1325.10 0.418970
1325.40 0.418918
1325.80 0.418918
1326.10 0.418918
1326.50 0.418953
1326.80 0.419023
1327.10 0.419076
1327.50 0.419111
1327.80 0.419094
1328.20 0.419041
1328.50 0.419076
1328.80 0.419094
1329.20 0.419111
1329.50 0.419164
1329.90 0.419252
1330.20 0.419252
1330.60 0.419182
1330.90 0.419164
1331.20 0.419146
1331.60 0.419146
1331.90 0.419182
1332.30 0.419146
1332.60 0.419182
1332.90 0.419234
1333.30 0.419270
1333.60 0.419217
1334.00 0.419164
1334.30 0.419182
1334.70 0.419199
1335.00 0.419305
1335.30 0.419410
1335.70 0.419340
1336.00 0.419199
1336.40 0.419199
1336.70 0.419252
1337.10 0.419393
1337.40 0.419534
1337.80 0.419586
1338.10 0.419516
1338.40 0.419463
1338.80 0.419410
1339.10 0.419410
1339.50 0.419481
1339.80 0.419481
1340.20 0.419428
1340.50 0.419498
1340.90 0.419586
1341.20 0.419534
1341.60 0.419534
1341.90 0.419446
1342.30 0.419410
1342.60 0.419534
1342.90 0.419551
1343.30 0.419586
1343.70 0.419604
1344.00 0.419586
1344.30 0.419569
1344.70 0.419498
1345.00 0.419498
1345.40 0.419534
1345.70 0.419586
1346.10 0.419569
1346.40 0.419516
1346.80 0.419604
1347.10 0.419692
1347.50 0.419622
1347.80 0.419551
1348.20 0.419586
1348.50 0.419604
1348.90 0.419639
1349.30 0.419745
1349.60 0.419780
1349.90 0.419692
1350.30 0.419762
1350.70 0.419815
1351.00 0.419798
1351.30 0.419833
1351.70 0.419833
1352.10 0.419762
1352.40 0.419727
1352.80 0.419798
1353.10 0.419850
1353.50 0.419850
1353.80 0.419868
1354.20 0.419921
1354.50 0.419974
1354.90 0.419921
1355.20 0.419886
1355.60 0.419938
1355.90 0.419956
1356.30 0.419956
1356.70 0.419956
1357.00 0.419974
1357.40 0.419868
1357.70 0.419938
1358.10 0.419991
1358.40 0.420026
1358.80 0.420079
1359.20 0.420079
1359.50 0.420044
1359.90 0.420026
1360.20 0.420079
1360.60 0.420150
1360.90 0.420097
1361.30 0.420079
1361.70 0.420079
1362.00 0.420044
1362.40 0.420026
1362.70 0.420009
1363.10 0.420114
1363.40 0.420132
1363.80 0.420150
1364.20 0.420167
1364.50 0.420202
1364.90 0.420114
1365.20 0.420150
1365.60 0.420185
1365.90 0.420167
1366.30 0.420132
1366.70 0.420114
1367.00 0.420132
1367.40 0.420220
1367.80 0.420202
1368.10 0.420185
1368.50 0.420255
1368.80 0.420202
1369.20 0.420185
1369.60 0.420255
1369.90 0.420273
1370.30 0.420238
1370.70 0.420238
1371.00 0.420185
1371.40 0.420097
1371.70 0.420132
1372.10 0.420150
1372.50 0.420079
1372.80 0.420132
1373.20 0.420220
1373.60 0.420290
1373.90 0.420255
1374.30 0.420273
1374.60 0.420255
1375.00 0.420132
1375.40 0.420167
1375.70 0.420255
1376.10 0.420308
1376.50 0.420220
1376.80 0.420150
1377.20 0.420202
1377.60 0.420202
1377.90 0.420220
1378.30 0.420255
1378.70 0.420220
1379.00 0.420273
1379.40 0.420326
1379.80 0.420361
1380.10 0.420361
1380.50 0.420414
1380.90 0.420378
1381.20 0.420255
1381.60 0.420220
1382.00 0.420308
1382.30 0.420414
1382.70 0.420378
1383.10 0.420273
1383.40 0.420308
1383.80 0.420238
1384.20 0.420202
1384.60 0.420308
1384.90 0.420273
1385.30 0.420238
1385.70 0.420343
1386.00 0.420238
1386.40 0.420150
1386.80 0.420220
1387.20 0.420185
1387.50 0.420062
1387.90 0.420079
1388.30 0.420026
1388.60 0.419903
1389.00 0.419886
1389.40 0.419868
1389.80 0.419833
1390.10 0.419798
1390.50 0.419762
1390.90 0.419745
1391.20 0.419815
1391.60 0.419850
1392.00 0.419780
1392.40 0.419622
1392.70 0.419534
1393.10 0.419622
1393.50 0.419639
1393.90 0.419463
1394.20 0.419393
1394.60 0.419446
1395.00 0.419428
1395.40 0.419305
1395.70 0.419252
1396.10 0.419322
1396.50 0.419393
1396.90 0.419270
1397.20 0.419234
1397.60 0.419217
1398.00 0.419111
1398.40 0.419164
1398.80 0.419270
1399.10 0.419199
1399.50 0.419164
1399.90 0.419182
1400.30 0.419111
1400.60 0.419023
1401.00 0.418988
1401.40 0.418935
1401.80 0.418882
1402.20 0.418900
1402.50 0.418953
1402.90 0.418988
1403.30 0.418900
1403.70 0.418935
1404.10 0.418988
1404.40 0.418953
1404.80 0.418953
1405.20 0.418900
1405.60 0.418970
1406.00 0.418988
1406.30 0.419041
1406.70 0.419111
1407.10 0.419076
1407.50 0.418988
1407.90 0.419023
1408.30 0.419041
1408.60 0.419041
1409.00 0.419129
1409.40 0.419164
1409.80 0.419252
1410.20 0.419234
1410.60 0.419217
1410.90 0.419182
1411.30 0.419111
1411.70 0.419146
1412.10 0.419199
1412.50 0.419234
1412.80 0.419287
1413.20 0.419252
1413.60 0.419182
1414.00 0.419234
1414.40 0.419375
1414.80 0.419481
1415.20 0.419516
1415.60 0.419551
1415.90 0.419569
1416.30 0.419639
1416.70 0.419692
1417.10 0.419727
1417.50 0.419762
1417.90 0.419833
1418.30 0.419921
1418.70 0.419956
1419.00 0.420026
1419.40 0.420009
1419.80 0.420009
1420.20 0.420097
1420.60 0.420150
1421.00 0.420185
1421.40 0.420150
1421.80 0.420238
1422.20 0.420290
1422.50 0.420185
1422.90 0.420185
1423.30 0.420238
1423.70 0.420273
1424.10 0.420255
1424.50 0.420273
1424.90 0.420361
1425.30 0.420361
1425.70 0.420378
1426.10 0.420431
1426.50 0.420502
1426.80 0.420519
1427.20 0.420466
1427.60 0.420431
1428.00 0.420414
1428.40 0.420396
1428.80 0.420466
1429.20 0.420484
1429.60 0.420466
1430.00 0.420449
1430.40 0.420431
1430.80 0.420537
1431.20 0.420572
1431.60 0.420519
1432.00 0.420414
1432.40 0.420431
1432.80 0.420572
1433.20 0.420572
1433.60 0.420537
1433.90 0.420519
1434.30 0.420554
1434.80 0.420572
1435.10 0.420590
1435.50 0.420625
1435.90 0.420590
1436.30 0.420607
1436.70 0.420660
1437.10 0.420730
1437.50 0.420801
1437.90 0.420748
1438.30 0.420748
1438.70 0.420748
1439.10 0.420748
1439.50 0.420713
1439.90 0.420625
1440.30 0.420642
1440.70 0.420695
1441.10 0.420660
1441.50 0.420642
1441.90 0.420660
1442.30 0.420678
1442.70 0.420695
1443.10 0.420713
1443.50 0.420766
1443.90 0.420854
1444.30 0.420854
1444.70 0.420854
1445.10 0.420854
1445.60 0.420889
1445.90 0.420942
1446.30 0.420906
1446.80 0.420801
1447.20 0.420818
1447.60 0.420906
1448.00 0.420959
1448.40 0.420871
1448.80 0.420906
1449.20 0.420942
1449.60 0.420994
1450.00 0.421047
1450.40 0.421047
1450.80 0.421030
1451.20 0.420906
1451.60 0.420924
1452.00 0.420942
1452.40 0.420942
1452.80 0.420924
1453.20 0.421012
1453.70 0.421065
1454.10 0.421100
1454.50 0.421082
1454.90 0.421047
1455.30 0.421065
1455.70 0.421135
1456.10 0.421188
1456.50 0.421170
1456.90 0.421118
1457.30 0.421135
1457.70 0.421118
1458.20 0.421082
1458.60 0.421135
1459.00 0.421153
1459.40 0.421170
1459.80 0.421153
1460.20 0.421188
1460.60 0.421241
1461.00 0.421223
1461.40 0.421258
1461.80 0.421329
1462.30 0.421329
1462.70 0.421311
1463.10 0.421329
1463.50 0.421329
1463.90 0.421258
1464.30 0.421329
1464.70 0.421399
1465.20 0.421364
1465.60 0.421452
1466.00 0.421470
1466.40 0.421434
1466.80 0.421452
1467.20 0.421470
1467.60 0.421452
1468.10 0.421505
1468.50 0.421558
1468.90 0.421522
1469.30 0.421470
1469.70 0.421470
1470.10 0.421487
1470.60 0.421505
1471.00 0.421558
1471.40 0.421575
1471.80 0.421628
1472.20 0.421610
1472.60 0.421505
1473.10 0.421505
1473.50 0.421522
1473.90 0.421575
1474.30 0.421628
1474.70 0.421593
1475.20 0.421610
1475.60 0.421558
1476.00 0.421505
1476.40 0.421593
1476.80 0.421646
1477.30 0.421663
1477.70 0.421716
1478.10 0.421698
1478.50 0.421681
1478.90 0.421698
1479.40 0.421716
1479.80 0.421751
1480.20 0.421734
1480.60 0.421698
1481.10 0.421698
1481.50 0.421734
1481.90 0.421839
1482.30 0.421892
1482.80 0.421804
1483.20 0.421769
1483.60 0.421769
1484.00 0.421839
1484.40 0.421839
1484.90 0.421839
1485.30 0.421839
1485.70 0.421786
1486.20 0.421786
1486.60 0.421804
1487.00 0.421804
1487.40 0.421822
1487.90 0.421910
1488.30 0.421945
1488.70 0.421910
1489.10 0.421874
1489.60 0.421874
1490.00 0.421910
1490.40 0.421980
1490.80 0.421998
1491.30 0.421962
1491.70 0.421980
1492.10 0.421962
1492.60 0.421962
1493.00 0.421945
1493.40 0.421927
1493.90 0.421980
1494.30 0.421998
1494.70 0.422033
1495.20 0.422050
1495.60 0.422086
1496.00 0.422121
1496.40 0.422103
1496.90 0.422050
1497.30 0.422015
1497.70 0.421962
1498.20 0.421980
1498.60 0.422015
1499.00 0.421998
1499.50 0.421998
1499.90 0.422015
1500.30 0.421980
1500.80 0.421980
1501.20 0.422050
1501.70 0.422086
1502.10 0.422103
1502.50 0.422138
1502.90 0.422156
1503.40 0.422174
1503.80 0.422121
1504.30 0.422086
1504.70 0.422121
1505.10 0.422121
1505.60 0.422050
1506.00 0.422050
1506.40 0.422174
1506.90 0.422191
1507.30 0.422174
1507.80 0.422138
1508.20 0.422138
1508.60 0.422174
1509.10 0.422191
1509.50 0.422191
1510.00 0.422191
1510.40 0.422138
1510.80 0.422156
1511.30 0.422174
1511.70 0.422138
1512.20 0.422138
1512.60 0.422121
1513.00 0.422156
1513.50 0.422209
1513.90 0.422262
1514.40 0.422279
1514.80 0.422244
1515.30 0.422191
1515.70 0.422191
1516.10 0.422191
1516.60 0.422244
1517.00 0.422314
1517.50 0.422279
1517.90 0.422314
1518.40 0.422332
1518.80 0.422332
1519.30 0.422314
1519.70 0.422279
1520.10 0.422209
1520.60 0.422262
1521.00 0.422332
1521.50 0.422350
1521.90 0.422332
1522.40 0.422385
1522.80 0.422385
1523.30 0.422332
1523.70 0.422279
1524.20 0.422262
1524.60 0.422332
1525.10 0.422402
1525.50 0.422385
1525.90 0.422402
1526.40 0.422420
1526.80 0.422402
1527.30 0.422367
1527.80 0.422314
1528.20 0.422350
1528.70 0.422420
1529.10 0.422420
1529.60 0.422420
1530.00 0.422385
1530.50 0.422367
1530.90 0.422402
1531.40 0.422438
1531.80 0.422385
1532.30 0.422385
1532.70 0.422402
1533.20 0.422402
1533.60 0.422455
1534.10 0.422490
1534.50 0.422420
1535.00 0.422297
1535.40 0.422350
1535.90 0.422420
1536.30 0.422385
1536.80 0.422367
1537.30 0.422385
1537.70 0.422385
1538.20 0.422473
1538.60 0.422490
1539.10 0.422402
1539.60 0.422385
1540.00 0.422455
1540.50 0.422490
1540.90 0.422490
1541.40 0.422526
1541.80 0.422526
1542.30 0.422455
1542.80 0.422455
1543.20 0.422578
1543.70 0.422526
1544.10 0.422526
1544.60 0.422578
1545.10 0.422561
1545.50 0.422578
1546.00 0.422561
1546.40 0.422578
1546.90 0.422578
1547.40 0.422543
1547.80 0.422578
1548.30 0.422613
1548.80 0.422543
1549.20 0.422508
1549.70 0.422526
1550.10 0.422561
1550.60 0.422508
1551.10 0.422490
1551.50 0.422578
1552.00 0.422666
1552.40 0.422596
1552.90 0.422543
1553.40 0.422649
1553.80 0.422684
1554.30 0.422613
1554.80 0.422596
1555.30 0.422631
1555.70 0.422666
1556.20 0.422719
1556.70 0.422719
1557.10 0.422684
1557.60 0.422613
1558.10 0.422578
1558.50 0.422613
1559.00 0.422649
1559.50 0.422596
1559.90 0.422578
1560.40 0.422631
1560.90 0.422701
1561.30 0.422737
1561.80 0.422719
1562.30 0.422684
1562.80 0.422649
1563.20 0.422684
1563.70 0.422737
1564.20 0.422807
1564.60 0.422877
1565.10 0.422842
1565.60 0.422701
1566.10 0.422666
1566.50 0.422754
1567.00 0.422719
1567.50 0.422719
1567.90 0.422772
1568.40 0.422807
1568.90 0.422807
1569.40 0.422772
1569.80 0.422789
1570.30 0.422807
1570.80 0.422825
1571.30 0.422842
1571.80 0.422825
1572.20 0.422860
1572.70 0.422895
1573.20 0.422860
1573.70 0.422789
1574.10 0.422789
1574.60 0.422825
1575.10 0.422807
1575.60 0.422807
1576.10 0.422860
1576.50 0.422877
1577.00 0.422860
1577.50 0.422825
1578.00 0.422789
1578.40 0.422860
1578.90 0.422913
1579.40 0.422877
1579.90 0.422877
1580.40 0.422913
1580.90 0.422930
1581.30 0.422913
1581.80 0.422913
1582.30 0.422877
1582.80 0.422842
1583.30 0.422860
1583.80 0.422895
1584.20 0.422895
1584.70 0.422930
1585.20 0.422983
1585.70 0.422965
1586.20 0.422860
1586.70 0.422842
1587.20 0.422895
1587.60 0.422877
1588.10 0.422930
1588.60 0.422948
1589.10 0.422930
1589.60 0.422877
1590.10 0.422895
1590.60 0.422965
1591.00 0.423001
1591.50 0.423036
1592.00 0.422948
1592.50 0.422930
1593.00 0.423001
1593.50 0.423036
1594.00 0.423053
1594.50 0.423089
1595.00 0.423106
1595.40 0.423071
1595.90 0.423053
1596.40 0.423089
1596.90 0.423089
1597.40 0.423053
1597.90 0.423018
1598.40 0.423036
1598.90 0.422965
1599.40 0.422930
1599.90 0.422983
1600.40 0.423036
1600.90 0.423053
1601.40 0.423036
1601.90 0.423018
1602.30 0.423089
1602.80 0.423124
1603.30 0.423124
1603.80 0.423141
1604.30 0.423106
1604.80 0.423071
1605.30 0.423089
1605.80 0.423106
1606.30 0.423141
1606.80 0.423177
1607.30 0.423194
1607.80 0.423177
1608.30 0.423159
1608.80 0.423124
1609.30 0.423106
1609.80 0.423071
1610.30 0.423141
1610.80 0.423124
1611.30 0.423089
1611.80 0.423053
1612.30 0.423124
1612.80 0.423159
1613.30 0.423177
1613.80 0.423229
1614.30 0.423229
1614.80 0.423229
1615.30 0.423229
1615.80 0.423212
1616.30 0.423229
1616.80 0.423212
1617.30 0.423177
1617.80 0.423229
1618.40 0.423265
1618.90 0.423229
1619.40 0.423265
1619.90 0.423265
1620.40 0.423247
1620.90 0.423229
1621.40 0.423317
1621.90 0.423335
1622.40 0.423300
1622.90 0.423353
1623.40 0.423370
1623.90 0.423282
1624.40 0.423247
1624.90 0.423282
1625.50 0.423335
1626.00 0.423353
1626.50 0.423335
1627.00 0.423353
1627.50 0.423353
1628.00 0.423335
1628.50 0.423370
1629.00 0.423335
1629.60 0.423353
1630.10 0.423388
1630.60 0.423458
1631.10 0.423441
1631.60 0.423388
1632.10 0.423388
1632.60 0.423370
1633.10 0.423423
1633.70 0.423458
1634.20 0.423476
1634.70 0.423441
1635.20 0.423405
1635.70 0.423388
1636.20 0.423353
1636.80 0.423353
1637.30 0.423370
1637.80 0.423353
1638.30 0.423370
1638.80 0.423441
1639.30 0.423476
1639.80 0.423511
1640.40 0.423546
1640.90 0.423546
1641.40 0.423493
1641.90 0.423458
1642.40 0.423476
1643.00 0.423529
1643.50 0.423529
1644.00 0.423458
1644.50 0.423423
1645.10 0.423458
1645.60 0.423441
1646.10 0.423405
1646.60 0.423458
1647.20 0.423511
1647.70 0.423493
1648.20 0.423529
1648.70 0.423564
1649.20 0.423546
1649.80 0.423476
1650.30 0.423476
1650.80 0.423511
1651.30 0.423493
1651.90 0.423476
1652.40 0.423493
1652.90 0.423546
1653.40 0.423599
1654.00 0.423581
1654.50 0.423529
1655.00 0.423511
1655.60 0.423476
1656.10 0.423441
1656.60 0.423405
1657.20 0.423405
1657.70 0.423458
1658.20 0.423511
1658.70 0.423529
1659.30 0.423458
1659.80 0.423441
1660.30 0.423493
1660.90 0.423581
1661.40 0.423546
1661.90 0.423493
1662.50 0.423529
1663.00 0.423581
1663.50 0.423581
1664.10 0.423529
1664.60 0.423546
1665.10 0.423617
1665.70 0.423581
1666.20 0.423564
1666.70 0.423546
1667.30 0.423564
1667.80 0.423564
1668.30 0.423529
1668.90 0.423546
1669.40 0.423599
1670.00 0.423617
1670.50 0.423581
1671.00 0.423564
1671.60 0.423599
1672.10 0.423617
1672.70 0.423634
1673.20 0.423634
1673.70 0.423705
1674.30 0.423687
1674.80 0.423652
1675.40 0.423669
1675.90 0.423652
1676.40 0.423634
1677.00 0.423634
1677.50 0.423617
1678.10 0.423634
1678.60 0.423652
1679.20 0.423687
1679.70 0.423652
1680.20 0.423617
1680.80 0.423652
1681.30 0.423687
1681.90 0.423669
1682.40 0.423617
1683.00 0.423564
1683.50 0.423581
1684.10 0.423669
1684.60 0.423652
1685.20 0.423652
1685.70 0.423669
1686.30 0.423669
1686.80 0.423705
1687.30 0.423705
1687.90 0.423652
1688.40 0.423652
1689.00 0.423652
1689.60 0.423652
1690.10 0.423634
1690.70 0.423599
1691.20 0.423652
1691.80 0.423705
1692.30 0.423687
1692.90 0.423634
1693.40 0.423652
1694.00 0.423687
1694.50 0.423687
1695.10 0.423652
1695.60 0.423705
1696.20 0.423757
1696.70 0.423687
1697.30 0.423705
1697.80 0.423757
1698.40 0.423722
1699.00 0.423687
1699.50 0.423722
1700.10 0.423740
1700.60 0.423722
1701.20 0.423757
1701.80 0.423775
1702.30 0.423828
1702.90 0.423828
1703.40 0.423775
1704.00 0.423740
1704.60 0.423740
1705.10 0.423740
1705.70 0.423757
1706.20 0.423687
1706.80 0.423687
1707.40 0.423722
1707.90 0.423740
1708.50 0.423775
1709.00 0.423740
1709.60 0.423705
1710.20 0.423775
1710.70 0.423828
1711.30 0.423775
1711.90 0.423775
1712.40 0.423828
1713.00 0.423793
1713.60 0.423775
1714.10 0.423775
1714.70 0.423722
1715.30 0.423775
1715.80 0.423828
1716.40 0.423828
1717.00 0.423793
1717.50 0.423810
1718.10 0.423863
1718.70 0.423898
1719.20 0.423828
1719.80 0.423828
1720.40 0.423863
1721.00 0.423793
1721.50 0.423757
1722.10 0.423722
1722.70 0.423687
1723.20 0.423722
1723.80 0.423775
1724.40 0.423793
1725.00 0.423810
1725.50 0.423828
1726.10 0.423863
1726.70 0.423863
1727.30 0.423881
1727.80 0.423881
1728.40 0.423863
1729.00 0.423881
1729.60 0.423898
1730.10 0.423828
1730.70 0.423793
1731.30 0.423863
1731.90 0.423916
1732.50 0.423916
1733.00 0.423863
1733.60 0.423828
1734.20 0.423845
1734.80 0.423845
1735.40 0.423828
1735.90 0.423845
1736.50 0.423828
1737.10 0.423828
1737.70 0.423828
1738.30 0.423863
1738.80 0.423881
1739.40 0.423863
1740.00 0.423863
1740.60 0.423881
1741.20 0.423898
1741.80 0.423916
1742.30 0.423916
1742.90 0.423881
1743.50 0.423863
1744.10 0.423775
1744.70 0.423810
1745.30 0.423863
1745.90 0.423845
1746.50 0.423828
1747.10 0.423863
1747.60 0.423898
1748.20 0.423933
1748.80 0.423916
1749.40 0.423933
1750.00 0.423933
1750.60 0.423951
1751.20 0.423986
1751.80 0.423986
1752.40 0.423969
1753.00 0.424004
1753.60 0.423969
1754.10 0.423881
1754.70 0.423828
1755.30 0.423828
1755.90 0.423881
1756.50 0.423916
1757.10 0.423881
1757.70 0.423916
1758.30 0.423951
1758.90 0.423933
1759.50 0.423916
1760.10 0.423951
1760.70 0.423969
1761.30 0.423933
1761.90 0.423863
1762.50 0.423898
1763.10 0.423969
1763.70 0.423969
1764.30 0.423951
1764.90 0.423986
1765.50 0.423969
1766.10 0.423986
1766.70 0.424004
1767.30 0.423916
1767.90 0.423863
1768.50 0.423916
1769.10 0.423933
1769.70 0.423951
1770.30 0.423898
1770.90 0.423828
1771.50 0.423845
1772.10 0.423916
1772.70 0.423898
1773.30 0.423951
1773.90 0.424004
1774.60 0.423969
1775.20 0.423951
1775.80 0.423969
1776.40 0.423969
1777.00 0.423933
1777.60 0.423951
1778.20 0.423969
1778.80 0.423986
1779.40 0.424039
1780.00 0.424039
1780.70 0.423986
1781.30 0.423951
1781.90 0.424004
1782.50 0.424004
1783.10 0.423986
1783.70 0.423969
1784.30 0.423951
1784.90 0.423951
1785.60 0.423969
1786.20 0.423969
1786.80 0.423969
1787.40 0.423898
1788.00 0.423933
1788.60 0.424021
1789.30 0.424039
1789.90 0.423986
1790.50 0.423969
1791.10 0.423951
1791.70 0.423951
1792.30 0.423951
1793.00 0.423969
1793.60 0.423969
1794.20 0.423951
1794.80 0.424004
1795.40 0.423986
1796.10 0.423916
1796.70 0.423898
1797.30 0.423916
1797.90 0.423933
1798.60 0.423951
1799.20 0.423969
1799.80 0.423969
1800.40 0.423951
1801.10 0.423951
1801.70 0.423986
1802.30 0.424004
1802.90 0.423969
1803.60 0.423951
1804.20 0.423951
1804.80 0.423916
1805.40 0.423898
1806.10 0.423863
1806.70 0.423881
1807.30 0.423898
1808.00 0.423863
1808.60 0.423810
1809.20 0.423828
1809.90 0.423881
1810.50 0.423898
1811.10 0.423898
1811.80 0.423898
1812.40 0.423933
1813.00 0.423969
1813.70 0.423969
1814.30 0.423933
1814.90 0.423898
1815.60 0.423881
1816.20 0.423845
1816.80 0.423863
1817.50 0.423845
1818.10 0.423828
1818.80 0.423845
1819.40 0.423863
1820.00 0.423863
1820.70 0.423793
1821.30 0.423793
1821.90 0.423881
1822.60 0.423916
1823.20 0.423863
1823.90 0.423810
1824.50 0.423810
1825.20 0.423793
1825.80 0.423845
1826.40 0.423845
1827.10 0.423828
1827.70 0.423881
1828.40 0.423863
1829.00 0.423793
1829.70 0.423757
1830.30 0.423775
1831.00 0.423845
1831.60 0.423828
1832.30 0.423828
1832.90 0.423863
1833.60 0.423845
1834.20 0.423863
1834.80 0.423828
1835.50 0.423828
1836.10 0.423828
1836.80 0.423775
1837.40 0.423775
1838.10 0.423722
1838.80 0.423775
1839.40 0.423881
1840.10 0.423793
1840.70 0.423687
1841.40 0.423757
1842.00 0.423810
1842.70 0.423740
1843.30 0.423740
1844.00 0.423757
1844.60 0.423722
1845.30 0.423757
1845.90 0.423775
1846.60 0.423810
1847.30 0.423793
1847.90 0.423775
1848.60 0.423810
1849.20 0.423793
1849.90 0.423793
1850.60 0.423775
1851.20 0.423687
1851.90 0.423634
1852.60 0.423775
1853.20 0.423845
1853.90 0.423793
1854.50 0.423687
1855.20 0.423705
1855.90 0.423705
1856.50 0.423669
1857.20 0.423634
1857.90 0.423705
1858.50 0.423775
1859.20 0.423828
1859.90 0.423810
1860.50 0.423687
1861.20 0.423634
1861.90 0.423669
1862.50 0.423722
1863.20 0.423740
1863.90 0.423775
1864.50 0.423722
1865.20 0.423634
1865.90 0.423634
1866.60 0.423687
1867.20 0.423705
1867.90 0.423722
1868.60 0.423669
1869.20 0.423617
1869.90 0.423599
1870.60 0.423687
1871.30 0.423687
1871.90 0.423634
1872.60 0.423705
1873.30 0.423634
1874.00 0.423581
1874.70 0.423634
1875.30 0.423652
1876.00 0.423599
1876.70 0.423599
1877.40 0.423581
1878.00 0.423529
1878.70 0.423546
1879.40 0.423581
1880.10 0.423529
1880.80 0.423458
1881.40 0.423458
1882.10 0.423458
1882.80 0.423441
1883.50 0.423441
1884.20 0.423405
1884.90 0.423370
1885.60 0.423335
1886.20 0.423335
1886.90 0.423300
1887.60 0.423265
1888.30 0.423247
1889.00 0.423247
1889.70 0.423265
1890.40 0.423247
1891.10 0.423159
1891.80 0.423141
1892.40 0.423124
1893.10 0.423071
1893.80 0.423018
1894.50 0.423001
1895.20 0.423018
1895.90 0.422948
1896.60 0.422895
1897.30 0.422842
1898.00 0.422754
1898.70 0.422737
1899.40 0.422807
1900.10 0.422701
1900.80 0.422613
1901.50 0.422561
1902.20 0.422543
1902.90 0.422596
1903.60 0.422561
1904.30 0.422508
1905.00 0.422526
1905.70 0.422490
1906.40 0.422402
1907.10 0.422279
1907.80 0.422226
1908.50 0.422297
1909.20 0.422314
1909.90 0.422350
1910.60 0.422385
1911.30 0.422350
1912.00 0.422279
1912.70 0.422332
1913.40 0.422385
1914.10 0.422314
1914.80 0.422279
1915.50 0.422244
1916.20 0.422226
1916.90 0.422209
1917.60 0.422262
1918.30 0.422279
1919.10 0.422297
1919.80 0.422350
1920.50 0.422367
1921.20 0.422314
1921.90 0.422297
1922.60 0.422350
1923.30 0.422367
1924.00 0.422385
1924.80 0.422367
1925.50 0.422402
1926.20 0.422420
1926.90 0.422385
1927.60 0.422420
1928.30 0.422473
1929.10 0.422490
1929.80 0.422490
1930.50 0.422455
1931.20 0.422402
1931.90 0.422402
1932.70 0.422420
1933.40 0.422420
1934.10 0.422420
1934.80 0.422455
1935.50 0.422455
1936.30 0.422438
1937.00 0.422438
1937.70 0.422473
1938.40 0.422508
1939.20 0.422561
1939.90 0.422508
1940.60 0.422473
1941.30 0.422508
1942.10 0.422508
1942.80 0.422490
1943.50 0.422526
1944.20 0.422526
1945.00 0.422508
1945.70 0.422508
1946.40 0.422543
1947.20 0.422526
1947.90 0.422543
1948.60 0.422578
1949.40 0.422613
1950.10 0.422596
1950.80 0.422561
1951.60 0.422613
1952.30 0.422649
1953.00 0.422737
1953.80 0.422737
1954.50 0.422631
1955.20 0.422596
1956.00 0.422613
1956.70 0.422649
1957.50 0.422578
1958.20 0.422543
1958.90 0.422596
1959.70 0.422631
1960.40 0.422631
1961.20 0.422578
1961.90 0.422578
1962.60 0.422631
1963.40 0.422631
1964.10 0.422578
1964.90 0.422543
1965.60 0.422526
1966.40 0.422473
1967.10 0.422508
1967.90 0.422578
1968.60 0.422596
1969.30 0.422631
1970.10 0.422631
1970.80 0.422613
1971.60 0.422613
1972.30 0.422578
1973.10 0.422596
1973.80 0.422596
1974.60 0.422543
1975.30 0.422526
1976.10 0.422578
1976.90 0.422596
1977.60 0.422613
1978.40 0.422649
1979.10 0.422613
1979.90 0.422613
1980.60 0.422578
1981.40 0.422526
1982.20 0.422596
1982.90 0.422613
1983.70 0.422578
1984.40 0.422578
1985.20 0.422578
1985.90 0.422578
1986.70 0.422596
1987.50 0.422631
1988.20 0.422578
1989.00 0.422490
1989.80 0.422543
1990.50 0.422561
1991.30 0.422578
1992.10 0.422561
1992.80 0.422490
1993.60 0.422508
1994.30 0.422561
1995.10 0.422526
1995.90 0.422526
1996.70 0.422578
1997.40 0.422578
1998.20 0.422490
1999.00 0.422526
1999.70 0.422578
2000.50 0.422613
2001.30 0.422578
2002.10 0.422596
2002.80 0.422561
2003.60 0.422543
2004.40 0.422596
2005.20 0.422631
2005.90 0.422613
2006.70 0.422561
2007.50 0.422526
2008.30 0.422561
2009.00 0.422649
2009.80 0.422684
2010.60 0.422666
2011.40 0.422666
2012.20 0.422631
2012.90 0.422613
2013.70 0.422631
2014.50 0.422613
2015.30 0.422666
2016.10 0.422701
2016.80 0.422684
2017.60 0.422701
2018.40 0.422719
2019.20 0.422754
2020.00 0.422754
2020.80 0.422737
2021.60 0.422719
2022.30 0.422789
2023.10 0.422789
2023.90 0.422701
2024.70 0.422719
2025.50 0.422789
2026.30 0.422825
2027.10 0.422825
2027.90 0.422860
2028.70 0.422913
2029.50 0.422877
2030.30 0.422860
2031.10 0.422860
2031.90 0.422895
2032.70 0.422877
2033.50 0.422807
2034.30 0.422860
2035.10 0.422895
2035.80 0.422860
2036.70 0.422860
2037.40 0.422860
2038.30 0.422913
2039.10 0.422948
2039.90 0.422983
2040.70 0.423001
2041.50 0.423018
2042.30 0.423036
2043.10 0.423001
2043.90 0.423018
2044.70 0.423071
2045.50 0.423124
2046.30 0.423089
2047.10 0.423053
2047.90 0.423089
2048.70 0.423141
2049.50 0.423124
2050.40 0.423071
2051.20 0.423089
2052.00 0.423159
2052.80 0.423212
2053.60 0.423194
2054.40 0.423177
2055.20 0.423159
2056.00 0.423177
2056.90 0.423194
2057.70 0.423177
2058.50 0.423141
2059.30 0.423159
2060.10 0.423194
2060.90 0.423194
2061.80 0.423194
2062.60 0.423177
2063.40 0.423177
2064.20 0.423141
2065.10 0.423124
2065.90 0.423159
2066.70 0.423229
2067.50 0.423247
2068.30 0.423194
2069.20 0.423229
2070.00 0.423229
2070.80 0.423212
2071.60 0.423194
2072.50 0.423177
2073.30 0.423177
2074.10 0.423177
2075.00 0.423177
2075.80 0.423141
2076.60 0.423194
2077.50 0.423212
2078.30 0.423212
2079.10 0.423212
2080.00 0.423177
2080.80 0.423159
2081.60 0.423194
2082.50 0.423247
2083.30 0.423282
2084.10 0.423282
2085.00 0.423282
2085.80 0.423282
2086.60 0.423247
2087.50 0.423282
2088.30 0.423282
2089.20 0.423282
2090.00 0.423265
2090.90 0.423247
2091.70 0.423212
2092.60 0.423212
2093.40 0.423247
2094.20 0.423282
2095.10 0.423300
2095.90 0.423247
2096.80 0.423141
2097.60 0.423177
2098.50 0.423177
2099.30 0.423159
2100.20 0.423106
2101.00 0.423106
2101.90 0.423141
2102.70 0.423194
2103.60 0.423212
2104.40 0.423212
2105.30 0.423194
2106.10 0.423194
2107.00 0.423212
2107.90 0.423177
2108.70 0.423141
2109.60 0.423141
2110.40 0.423141
2111.30 0.423124
2112.10 0.423124
2113.00 0.423177
2113.90 0.423194
2114.70 0.423159
2115.60 0.423089
2116.50 0.423089
2117.30 0.423124
2118.20 0.423141
2119.10 0.423141
2119.90 0.423124
2120.80 0.423089
2121.70 0.423106
2122.50 0.423089
2123.40 0.423089
2124.30 0.423106
2125.10 0.423124
2126.00 0.423089
2126.90 0.423053
2127.80 0.423071
2128.60 0.423089
2129.50 0.423036
2130.40 0.423001
2131.30 0.423001
2132.10 0.423018
2133.00 0.423001
2133.90 0.423018
2134.80 0.423036
2135.60 0.423053
2136.50 0.423018
2137.40 0.422983
2138.30 0.423018
2139.20 0.423018
2140.10 0.423001
2140.90 0.423036
2141.80 0.423036
2142.70 0.422983
2143.60 0.422913
2144.50 0.422913
2145.40 0.422913
2146.30 0.422895
2147.10 0.422860
2148.00 0.422860
2148.90 0.422842
2149.80 0.422842
2150.70 0.422877
2151.60 0.422825
2152.50 0.422772
2153.40 0.422754
2154.30 0.422754
2155.20 0.422754
2156.10 0.422719
2157.00 0.422684
2157.90 0.422684
2158.80 0.422701
2159.70 0.422684
2160.60 0.422649
2161.50 0.422631
2162.40 0.422666
2163.30 0.422613
2164.20 0.422578
2165.10 0.422631
2166.00 0.422543
2166.90 0.422490
2167.80 0.422508
2168.70 0.422561
2169.60 0.422561
2170.50 0.422508
2171.40 0.422455
2172.30 0.422385
2173.20 0.422314
2174.10 0.422297
2175.10 0.422297
2176.00 0.422262
2176.90 0.422226
2177.80 0.422209
2178.70 0.422174
2179.60 0.422138
2180.60 0.422103
2181.50 0.422015
2182.40 0.421980
2183.30 0.422033
2184.20 0.422033
2185.10 0.422050
2186.10 0.422068
2187.00 0.422050
2187.90 0.421945
2188.80 0.421857
2189.80 0.421839
2190.70 0.421804
2191.60 0.421769
2192.50 0.421804
2193.50 0.421822
2194.40 0.421734
2195.30 0.421610
2196.30 0.421575
2197.20 0.421558
2198.10 0.421575
2199.10 0.421593
2200.00 0.421540
2200.90 0.421487
2201.90 0.421452
2202.80 0.421417
2203.70 0.421364
2204.70 0.421311
2205.60 0.421258
2206.50 0.421241
2207.50 0.421188
2208.40 0.421135
2209.40 0.421047
2210.30 0.421065
2211.20 0.421135
2212.20 0.421170
2213.10 0.421206
2214.10 0.421188
2215.00 0.421188
2216.00 0.421170
2216.90 0.421082
2217.90 0.421065
2218.80 0.421100
2219.80 0.421118
2220.70 0.421135
2221.70 0.421118
2222.60 0.421065
2223.60 0.421012
2224.50 0.420942
2225.50 0.420871
2226.40 0.420871
2227.40 0.420942
2228.40 0.420889
2229.30 0.420818
2230.30 0.420748
2231.20 0.420695
2232.20 0.420660
2233.10 0.420572
2234.10 0.420431
2235.10 0.420343
2236.00 0.420290
2237.00 0.420255
2238.00 0.420185
2238.90 0.420097
2239.90 0.420026
2240.90 0.419921
2241.80 0.419833
2242.80 0.419727
2243.80 0.419622
2244.80 0.419498
2245.70 0.419393
2246.70 0.419270
2247.70 0.419111
2248.60 0.419058
2249.60 0.419058
2250.60 0.419006
2251.60 0.418935
2252.60 0.418900
2253.50 0.418794
2254.50 0.418724
2255.50 0.418759
2256.50 0.418759
2257.50 0.418706
2258.40 0.418759
2259.40 0.418794
2260.40 0.418759
2261.40 0.418812
2262.40 0.418865
2263.40 0.418847
2264.40 0.418847
2265.40 0.418812
2266.30 0.418812
2267.30 0.418847
2268.30 0.418865
2269.30 0.418847
2270.30 0.418830
2271.30 0.418759
2272.30 0.418812
2273.30 0.418847
2274.30 0.418777
2275.30 0.418724
2276.30 0.418706
2277.30 0.418671
2278.30 0.418671
2279.30 0.418654
2280.30 0.418636
2281.30 0.418654
2282.30 0.418636
2283.30 0.418548
2284.30 0.418460
2285.30 0.418442
2286.30 0.418442
2287.30 0.418407
2288.30 0.418372
2289.40 0.418302
2290.40 0.418214
2291.40 0.418196
2292.40 0.418178
2293.40 0.418143
2294.40 0.418108
2295.40 0.418020
2296.40 0.417914
2297.50 0.417844
2298.50 0.417809
2299.50 0.417791
2300.50 0.417809
2301.60 0.417774
2302.60 0.417703
2303.60 0.417738
2304.60 0.417686
2305.60 0.417562
2306.70 0.417474
2307.70 0.417457
2308.70 0.417422
2309.80 0.417386
2310.80 0.417369
2311.80 0.417334
2312.80 0.417298
2313.90 0.417246
2314.90 0.417210
2315.90 0.417158
2317.00 0.417105
2318.00 0.417105
2319.10 0.417087
2320.10 0.417017
2321.10 0.416929
2322.20 0.416894
2323.20 0.416788
2324.30 0.416718
2325.30 0.416665
2326.30 0.416612
2327.40 0.416577
2328.40 0.416454
2329.50 0.416348
2330.50 0.416331
2331.60 0.416331
2332.60 0.416295
2333.70 0.416243
2334.70 0.416172
2335.80 0.416119
2336.80 0.416031
2337.90 0.415961
2338.90 0.415979
2340.00 0.415961
2341.00 0.415891
2342.10 0.415838
2343.10 0.415803
2344.20 0.415767
2345.30 0.415767
2346.30 0.415750
2347.40 0.415750
2348.50 0.415750
2349.50 0.415732
2350.60 0.415732
2351.70 0.415767
2352.70 0.415785
2353.80 0.415767
2354.90 0.415803
2355.90 0.415803
2357.00 0.415785
2358.10 0.415820
2359.10 0.415855
2360.20 0.415873
2361.30 0.415943
2362.40 0.415979
2363.40 0.416067
2364.50 0.416190
2365.60 0.416260
2366.70 0.416278
2367.80 0.416278
2368.90 0.416313
2369.90 0.416454
2371.00 0.416559
2372.10 0.416577
2373.20 0.416612
2374.30 0.416647
2375.40 0.416753
2376.40 0.416806
2377.50 0.416859
2378.60 0.416876
2379.70 0.416823
2380.80 0.416876
2381.90 0.416929
2383.00 0.416964
2384.10 0.417052
2385.20 0.417035
2386.30 0.417017
2387.40 0.417070
2388.50 0.417105
2389.60 0.417122
2390.70 0.417140
2391.80 0.417140
2392.90 0.417158
2394.00 0.417193
2395.10 0.417193
2396.20 0.417158
2397.30 0.417140
2398.40 0.417193
2399.50 0.417263
2400.60 0.417246
2401.80 0.417158
2402.90 0.417140
2404.00 0.417210
2405.10 0.417281
2406.20 0.417281
2407.30 0.417263
2408.50 0.417281
2409.60 0.417263
2410.70 0.417228
2411.80 0.417228
2412.90 0.417210
2414.10 0.417210
2415.20 0.417246
2416.30 0.417228
2417.40 0.417246
2418.60 0.417263
2419.70 0.417228
2420.80 0.417228
2422.00 0.417281
2423.10 0.417281
2424.20 0.417228
2425.40 0.417210
2426.50 0.417246
2427.60 0.417228
2428.80 0.417175
2429.90 0.417105
2431.10 0.417035
2432.20 0.417070
2433.30 0.417105
2434.50 0.417052
2435.60 0.417052
2436.80 0.417052
2437.90 0.416999
2439.10 0.416947
2440.20 0.416911
2441.40 0.416841
2442.50 0.416823
2443.60 0.416823
2444.80 0.416806
2445.90 0.416753
2447.10 0.416683
2448.30 0.416647
2449.40 0.416577
2450.60 0.416542
2451.70 0.416559
2452.90 0.416524
2454.10 0.416419
2455.20 0.416348
2456.40 0.416313
2457.60 0.416278
2458.70 0.416243
2459.90 0.416225
2461.10 0.416155
2462.20 0.416084
2463.40 0.416067
2464.60 0.415943
2465.70 0.415855
2466.90 0.415838
2468.10 0.415803
2469.30 0.415767
2470.40 0.415679
2471.60 0.415609
2472.80 0.415591
2474.00 0.415503
2475.10 0.415433
2476.30 0.415415
2477.50 0.415292
2478.70 0.415222
2479.90 0.415204
2481.10 0.415116
2482.30 0.415081
2483.40 0.415063
2484.60 0.415028
2485.80 0.415028
2487.00 0.415011
2488.20 0.414958
2489.40 0.414870
2490.60 0.414835
2491.80 0.414817
2493.00 0.414817
2494.20 0.414799
2495.40 0.414729
2496.60 0.414729
2497.80 0.414747
2499.00 0.414659
2500.20 0.414606
2501.40 0.414606
2502.60 0.414588
2503.80 0.414571
2505.00 0.414535
2506.30 0.414500
2507.50 0.414500
2508.70 0.414447
2509.90 0.414465
2511.10 0.414430
2512.30 0.414412
2513.50 0.414412
2514.80 0.414377
2516.00 0.414359
2517.20 0.414342
2518.40 0.414307
2519.60 0.414324
2520.90 0.414307
2522.10 0.414289
2523.30 0.414254
2524.60 0.414236
2525.80 0.414236
2527.00 0.414307
2528.20 0.414271
2529.50 0.414183
2530.70 0.414148
2531.90 0.414148
2533.20 0.414078
2534.40 0.413972
2535.70 0.414007
2536.90 0.413990
2538.10 0.413919
2539.40 0.413884
2540.60 0.413867
2541.90 0.413884
2543.10 0.413849
2544.40 0.413779
2545.60 0.413743
2546.90 0.413708
2548.10 0.413638
2549.40 0.413655
2550.60 0.413726
2551.90 0.413761
2553.10 0.413638
2554.40 0.413479
2555.60 0.413479
2556.90 0.413532
2558.20 0.413515
2559.40 0.413585
2560.70 0.413638
2562.00 0.413585
2563.20 0.413444
2564.50 0.413268
2565.80 0.413180
2567.00 0.413215
2568.30 0.413321
2569.60 0.413374
2570.90 0.413163
2572.10 0.413268
2573.40 0.413251
2574.70 0.413022
2576.00 0.413127
2577.30 0.413057
2578.50 0.412881
2579.80 0.412951
2581.10 0.413022
2582.40 0.413057
2583.70 0.413075
2585.00 0.412670
2586.20 0.412793
2587.50 0.412828
2588.80 0.412705
2590.10 0.412652
2591.40 0.412687
2592.70 0.412951
2594.00 0.413374
2595.30 0.413004
2596.60 0.412406
2597.90 0.412371
2599.20 0.412406
2600.50 0.412441
2601.80 0.412441
2603.10 0.412423
2604.40 0.412599
2605.70 0.412494
2607.10 0.412177
2608.40 0.412300
2609.70 0.412283
2611.00 0.412159
2612.30 0.412195
2613.60 0.412159
2614.90 0.412124
2616.30 0.412371
2617.60 0.412001
2618.90 0.411966
2620.20 0.412142
2621.60 0.411755
2622.90 0.411702
2624.20 0.411772
2625.50 0.411878
2626.90 0.411790
2628.20 0.411526
2629.50 0.411755
2630.90 0.411456
2632.20 0.411086
2633.50 0.411174
2634.90 0.410980
2636.20 0.410857
2637.60 0.410822
2638.90 0.410716
2640.20 0.410681
2641.60 0.410576
2642.90 0.410382
2644.30 0.410241
2645.60 0.410100
2647.00 0.409819
2648.30 0.409713
2649.70 0.409625
2651.00 0.409537
2652.40 0.409396
2653.80 0.409080
2655.10 0.408921
2656.50 0.408640
2657.80 0.408393
2659.20 0.408164
2660.60 0.407848
2661.90 0.407496
2663.30 0.407443
2664.70 0.407443
2666.00 0.406844
2667.40 0.406052
2668.80 0.405366
2670.10 0.404750
2671.50 0.402726
2672.90 0.401565
2674.30 0.401019
2675.60 0.400737
2677.00 0.400210
2678.40 0.399664
2679.80 0.398784
2681.20 0.397798
2682.60 0.396954
2684.00 0.395792
2685.40 0.394402
2686.80 0.392818
2688.10 0.390759
2689.50 0.388400
2690.90 0.385655
2692.30 0.382786
2693.70 0.379125
2695.10 0.374655
2696.50 0.369991
2697.90 0.365240
2699.30 0.360312
2700.70 0.355331
2702.10 0.350421
2703.60 0.346303
2705.00 0.343223
2706.40 0.341287
2707.80 0.340160
2709.20 0.339386
2710.60 0.338418
2712.00 0.336676
2713.50 0.334546
2714.90 0.332241
2716.30 0.329425
2717.70 0.326134
2719.10 0.322702
2720.60 0.318777
2722.00 0.314342
2723.40 0.310840
2724.90 0.307074
2726.30 0.303554
2727.70 0.300492
2729.20 0.297676
2730.60 0.294983
2732.00 0.292378
2733.50 0.289862
2734.90 0.287292
2736.40 0.284564
2737.80 0.282259
2739.30 0.279988
2740.70 0.277472
2742.20 0.274867
2743.60 0.272667
2745.10 0.270661
2746.50 0.268601
2748.00 0.266454
2749.40 0.264325
2750.90 0.262072
2752.30 0.259661
2753.80 0.257320
2755.30 0.254804
2756.70 0.251741
2758.20 0.249137
2759.70 0.246725
2761.10 0.244737
2762.60 0.243364
2764.10 0.242590
2765.60 0.242185
2767.00 0.241710
2768.50 0.240759
2770.00 0.239580
2771.50 0.238084
2772.90 0.236553
2774.40 0.234916
2775.90 0.233174
2777.40 0.231379
2778.90 0.229636
2780.40 0.228017
2781.90 0.226627
2783.40 0.225342
2784.90 0.224181
2786.40 0.223107
2787.90 0.221928
2789.40 0.220731
2790.90 0.219693
2792.40 0.218742
2793.90 0.217863
2795.40 0.216930
2796.90 0.216173
2798.40 0.215575
2799.90 0.215029
2801.40 0.214483
2802.90 0.213973
2804.40 0.213498
2806.00 0.213181
2807.50 0.212935
2809.00 0.212653
2810.50 0.212495
2812.10 0.212530
2813.60 0.212495
2815.10 0.212460
2816.60 0.212477
2818.20 0.212618
2819.70 0.212829
2821.20 0.213005
2822.80 0.213216
2824.30 0.213498
2825.80 0.213779
2827.40 0.214219
2828.90 0.214747
2830.50 0.215328
2832.00 0.215927
2833.60 0.216507
2835.10 0.217053
2836.70 0.217634
2838.20 0.218232
2839.80 0.218795
2841.30 0.219376
2842.90 0.219957
2844.40 0.220467
2846.00 0.220978
2847.60 0.221594
2849.10 0.222210
2850.70 0.222685
2852.30 0.223090
2853.80 0.223547
2855.40 0.224022
2857.00 0.224427
2858.60 0.224814
2860.10 0.225113
2861.70 0.225360
2863.30 0.225659
2864.90 0.225958
2866.40 0.226275
2868.00 0.226557
2869.60 0.226715
2871.20 0.226873
2872.80 0.227067
2874.40 0.227190
2876.00 0.227296
2877.60 0.227366
2879.20 0.227507
2880.80 0.227525
2882.40 0.227507
2884.00 0.227542
2885.60 0.227401
2887.20 0.227331
2888.80 0.227261
2890.40 0.227137
2892.00 0.226997
2893.60 0.226803
2895.30 0.226627
2896.90 0.226381
2898.50 0.226117
2900.10 0.225853
2901.70 0.225624
2903.40 0.225413
2905.00 0.225096
2906.60 0.224849
2908.30 0.224515
2909.90 0.224163
2911.50 0.223917
2913.10 0.223741
2914.80 0.223530
2916.40 0.223230
2918.10 0.222931
2919.70 0.222720
2921.40 0.222509
2923.00 0.222350
2924.70 0.222210
2926.30 0.222034
2928.00 0.221858
2929.60 0.221699
2931.30 0.221629
2932.90 0.221558
2934.60 0.221594
2936.30 0.221576
2937.90 0.221558
2939.60 0.221664
2941.20 0.221717
2942.90 0.221734
2944.60 0.221875
2946.30 0.222051
2947.90 0.222192
2949.60 0.222368
2951.30 0.222579
2953.00 0.222826
2954.60 0.223107
2956.30 0.223371
2958.00 0.223653
2959.70 0.224093
2961.40 0.224568
2963.10 0.224937
2964.80 0.225342
2966.50 0.225835
2968.20 0.226345
2969.90 0.226856
2971.60 0.227366
2973.30 0.227929
2975.00 0.228510
2976.70 0.229091
2978.40 0.229619
2980.10 0.230217
2981.80 0.230868
2983.60 0.231537
2985.30 0.232083
2987.00 0.232734
2988.70 0.233438
2990.40 0.234019
2992.20 0.234600
2993.90 0.235268
2995.60 0.236113
2997.40 0.236887
2999.10 0.237539
3000.80 0.238119
3002.60 0.238859
3004.30 0.239703
3006.00 0.240337
3007.80 0.240988
3009.50 0.241674
3011.30 0.242361
3013.00 0.243135
3014.80 0.243857
3016.50 0.244526
3018.30 0.245318
3020.00 0.246057
3021.80 0.246813
3023.60 0.247570
3025.30 0.248257
3027.10 0.248943
3028.90 0.249629
3030.60 0.250386
3032.40 0.251143
3034.20 0.251847
3036.00 0.252586
3037.70 0.253396
3039.50 0.254152
3041.30 0.254804
3043.10 0.255455
3044.90 0.256176
3046.70 0.256845
3048.40 0.257584
3050.20 0.258341
3052.00 0.259010
3053.80 0.259714
3055.60 0.260488
3057.40 0.261175
3059.20 0.261861
3061.10 0.262582
3062.90 0.263339
3064.70 0.263973
3066.50 0.264659
3068.30 0.265416
3070.10 0.266138
3071.90 0.266771
3073.80 0.267422
3075.60 0.268179
3077.40 0.268883
3079.20 0.269605
3081.10 0.270344
3082.90 0.271030
3084.70 0.271717
3086.60 0.272526
3088.40 0.273230
3090.20 0.273916
3092.10 0.274726
3093.90 0.275483
3095.80 0.276099
3097.60 0.276820
3099.50 0.277630
3101.30 0.278475
3103.20 0.279284
3105.00 0.280006
3106.90 0.280745
3108.80 0.281484
3110.60 0.282241
3112.50 0.282927
3114.40 0.283667
3116.20 0.284529
3118.10 0.285303
3120.00 0.286095
3121.90 0.286887
3123.70 0.287626
3125.60 0.288313
3127.50 0.289034
3129.40 0.289844
3131.30 0.290583
3133.20 0.291375
3135.10 0.292185
3137.00 0.292924
3138.90 0.293733
3140.80 0.294490
3142.70 0.295212
3144.60 0.296021
3146.50 0.296866
3148.40 0.297658
3150.30 0.298397
3152.20 0.299136
3154.10 0.299911
3156.10 0.300650
3158.00 0.301442
3159.90 0.302234
3161.80 0.302973
3163.80 0.303730
3165.70 0.304451
3167.60 0.305279
3169.60 0.306035
3171.50 0.306792
3173.40 0.307654
3175.40 0.308376
3177.30 0.309045
3179.30 0.309854
3181.20 0.310594
3183.20 0.311262
3185.10 0.312054
3187.10 0.312846
3189.10 0.313603
3191.00 0.314377
3193.00 0.315064
3194.90 0.315768
3196.90 0.316489
3198.90 0.317211
3200.90 0.318056
3202.90 0.318812
3204.80 0.319534
3206.80 0.320308
3208.80 0.320977
3210.80 0.321681
3212.80 0.322473
3214.80 0.323195
3216.80 0.323793
3218.80 0.324444
3220.80 0.325201
3222.80 0.325975
3224.80 0.326574
3226.80 0.327243
3228.80 0.327929
3230.80 0.328615
3232.80 0.329266
3234.80 0.329953
3236.80 0.330657
3238.90 0.331273
3240.90 0.331871
3242.90 0.332593
3244.90 0.333244
3247.00 0.333737
3249.00 0.334282
3251.00 0.334916
3253.10 0.335585
3255.10 0.336165
3257.20 0.336746
3259.20 0.337433
3261.30 0.338049
3263.30 0.338612
3265.40 0.339228
3267.40 0.339826
3269.50 0.340372
3271.60 0.340829
3273.60 0.341357
3275.70 0.341973
3277.80 0.342536
3279.80 0.343117
3281.90 0.343628
3284.00 0.344173
3286.10 0.344736
3288.10 0.345299
3290.20 0.345792
3292.30 0.346267
3294.40 0.346883
3296.50 0.347499
3298.60 0.347904
3300.70 0.348291
3302.80 0.348819
3304.90 0.349330
3307.00 0.349752
3309.10 0.350280
3311.20 0.350773
3313.40 0.351195
3315.50 0.351547
3317.60 0.351970
3319.70 0.352445
3321.90 0.352867
3324.00 0.353360
3326.10 0.353835
3328.30 0.354187
3330.40 0.354539
3332.50 0.354909
3334.70 0.355173
3336.80 0.355454
3339.00 0.355701
3341.10 0.355824
3343.30 0.355912
3345.40 0.355947
3347.60 0.356018
3349.80 0.356141
3351.90 0.356352
3354.10 0.356651
3356.30 0.357003
3358.40 0.357408
3360.60 0.357689
3362.80 0.357848
3365.00 0.358024
3367.10 0.358182
3369.30 0.358341
3371.50 0.358534
3373.70 0.358745
3375.90 0.358939
3378.10 0.359256
3380.30 0.359608
3382.50 0.359960
3384.70 0.360347
3386.90 0.360717
3389.10 0.361174
3391.40 0.361509
3393.60 0.361667
3395.80 0.361808
3398.00 0.361790
3400.30 0.361843
3402.50 0.361931
3404.70 0.362054
3407.00 0.362230
3409.20 0.362353
3411.40 0.362529
3413.70 0.362881
3415.90 0.363180
3418.20 0.363480
3420.40 0.363849
3422.70 0.364342
3425.00 0.364923
3427.20 0.365556
3429.50 0.366137
3431.80 0.366577
3434.00 0.367017
3436.30 0.367492
3438.60 0.367879
3440.90 0.368161
3443.20 0.368531
3445.40 0.368900
3447.70 0.369235
3450.00 0.369551
3452.30 0.369763
3454.60 0.369991
3456.90 0.370379
3459.20 0.370695
3461.60 0.370854
3463.90 0.370977
3466.20 0.370995
3468.50 0.370889
3470.80 0.370695
3473.10 0.370607
3475.50 0.370713
3477.80 0.370836
3480.10 0.370977
3482.50 0.371171
3484.80 0.371435
3487.20 0.371734
3489.50 0.371980
3491.90 0.372191
3494.20 0.372403
3496.60 0.372561
3498.90 0.372790
3501.30 0.373194
3503.60 0.373687
3506.00 0.374250
3508.40 0.374761
3510.80 0.375166
3513.10 0.375606
3515.50 0.376098
3517.90 0.376679
3520.30 0.377172
3522.70 0.377682
3525.10 0.378140
3527.50 0.378527
3529.90 0.378985
3532.30 0.379354
3534.70 0.379741
3537.10 0.380041
3539.50 0.380322
3541.90 0.380745
3544.40 0.381061
3546.80 0.381237
3549.20 0.381537
3551.60 0.381801
3554.10 0.381977
3556.50 0.382135
3559.00 0.382241
3561.40 0.382452
3563.90 0.382628
3566.30 0.382804
3568.80 0.383033
3571.20 0.383191
3573.70 0.383367
3576.10 0.383613
3578.60 0.383789
3581.10 0.384000
3583.60 0.384176
3586.00 0.384247
3588.50 0.384352
3591.00 0.384599
3593.50 0.384792
3596.00 0.384880
3598.50 0.385004
3601.00 0.385162
3603.50 0.385232
3606.00 0.385373
3608.50 0.385620
3611.00 0.385760
3613.50 0.385831
3616.00 0.385989
3618.60 0.386165
3621.10 0.386271
3623.60 0.386412
3626.10 0.386588
3628.70 0.386728
3631.20 0.386781
3633.80 0.386887
3636.30 0.387010
3638.90 0.387045
3641.40 0.387133
3644.00 0.387309
3646.60 0.387397
3649.10 0.387468
3651.70 0.387573
3654.30 0.387696
3656.80 0.387837
3659.40 0.387978
3662.00 0.388136
3664.60 0.388224
3667.20 0.388312
3669.80 0.388383
3672.40 0.388453
3675.00 0.388612
3677.60 0.388805
3680.20 0.388717
3682.80 0.388612
3685.40 0.388629
3688.10 0.388700
3690.70 0.388805
3693.30 0.388805
3695.90 0.388893
3698.60 0.388928
3701.20 0.388893
3703.90 0.388946
3706.50 0.388946
3709.20 0.388946
3711.80 0.388964
3714.50 0.389034
3717.10 0.389140
3719.80 0.389192
3722.50 0.389210
3725.20 0.389280
3727.80 0.389316
3730.50 0.389368
3733.20 0.389404
3735.90 0.389439
3738.60 0.389509
3741.30 0.389579
3744.00 0.389615
3746.70 0.389703
3749.40 0.389808
3752.10 0.389861
3754.80 0.389896
3757.60 0.389967
3760.30 0.390019
3763.00 0.390072
3765.70 0.390090
3768.50 0.390178
3771.20 0.390266
3774.00 0.390336
3776.70 0.390389
3779.50 0.390407
3782.20 0.390407
3785.00 0.390442
3787.70 0.390495
3790.50 0.390530
3793.30 0.390512
3796.10 0.390512
3798.80 0.390459
3801.60 0.390442
3804.40 0.390354
3807.20 0.390283
3810.00 0.390231
3812.80 0.390213
3815.60 0.390178
3818.40 0.390125
3821.20 0.389984
3824.10 0.389861
3826.90 0.389755
3829.70 0.389685
3832.50 0.389632
3835.40 0.389562
3838.20 0.389439
3841.10 0.389316
3843.90 0.389263
3846.80 0.389245
3849.60 0.389192
3852.50 0.389175
3855.30 0.389122
3858.20 0.389122
3861.10 0.389122
3863.90 0.389087
3866.80 0.389016
3869.70 0.389034
3872.60 0.389034
3875.50 0.389052
3878.40 0.389069
3881.30 0.389104
3884.20 0.389069
3887.10 0.389052
3890.00 0.389052
3893.00 0.389052
3895.90 0.389016
3898.80 0.388999
3901.70 0.388999
3904.70 0.388981
3907.60 0.388964
3910.60 0.388911
3913.50 0.388858
3916.50 0.388840
3919.40 0.388770
3922.40 0.388664
3925.40 0.388541
3928.40 0.388453
3931.30 0.388348
3934.30 0.388242
3937.30 0.388084
3940.30 0.387820
3943.30 0.387397
3946.30 0.386957
3949.30 0.386464
3952.30 0.385901
3955.30 0.385356
3958.30 0.384916
3961.40 0.384493
3964.40 0.384124
3967.40 0.383772
3970.50 0.383543
3973.50 0.383349
3976.60 0.383173
3979.60 0.383033
3982.60 0.383015
3985.70 0.383103
3988.80 0.383349
3991.90 0.383649
3994.90 0.384036
3998.00 0.384440
4001.10 0.384898
4004.20 0.385391
4007.30 0.385831
4010.40 0.386148
4013.50 0.386429
4016.60 0.386640
4019.70 0.386834
4022.80 0.386992
4025.90 0.387186
4029.10 0.387309
4032.20 0.387415
4035.30 0.387538
4038.50 0.387714
4041.60 0.387784
4044.80 0.387872
4047.90 0.387943
4051.10 0.387943
4054.30 0.387890
4057.40 0.387908
4060.60 0.387890
4063.80 0.387890
4067.00 0.387837
4070.20 0.387784
4073.40 0.387696
4076.60 0.387626
4079.80 0.387538
4083.00 0.387468
4086.20 0.387362
4089.40 0.387256
4092.70 0.387133
4095.90 0.387045
4099.10 0.386922
4102.40 0.386816
4105.60 0.386676
4108.90 0.386552
4112.10 0.386447
4115.40 0.386341
4118.70 0.386200
4122.00 0.386077
4125.20 0.385954
4128.50 0.385831
4131.80 0.385690
4135.10 0.385584
4138.40 0.385408
4141.70 0.385285
4145.00 0.385127
4148.30 0.384986
4151.60 0.384845
4155.00 0.384669
4158.30 0.384476
4161.60 0.384335
4165.00 0.384194
4168.30 0.384036
4171.70 0.383825
4175.00 0.383666
4178.40 0.383525
4181.80 0.383385
4185.20 0.383209
4188.50 0.383068
4191.90 0.382892
4195.30 0.382698
4198.70 0.382540
4202.10 0.382417
4205.50 0.382276
4208.90 0.382170
4212.40 0.382012
4215.80 0.381889
4219.20 0.381730
4222.60 0.381537
4226.10 0.381325
4229.50 0.381202
4233.00 0.381026
4236.50 0.380850
4239.90 0.380674
4243.40 0.380516
4246.90 0.380305
4250.30 0.380093
4253.80 0.379847
4257.30 0.379671
4260.80 0.379425
4264.30 0.379178
4267.80 0.378879
4271.40 0.378597
4274.90 0.378351
4278.40 0.378122
4281.90 0.377806
4285.50 0.377542
4289.00 0.377278
4292.60 0.377049
4296.10 0.376802
4299.70 0.376591
4303.30 0.376327
4306.80 0.376134
4310.40 0.375870
4314.00 0.375623
4317.60 0.375359
4321.20 0.375113
4324.80 0.374796
4328.40 0.374479
4332.00 0.374145
4335.60 0.373810
4339.30 0.373388
4342.90 0.373089
4346.50 0.372719
4350.20 0.372262
4353.80 0.371839
4357.50 0.371417
4361.10 0.370889
4364.80 0.370361
4368.50 0.369798
4372.20 0.369270
4375.90 0.368759
4379.60 0.368231
4383.30 0.367668
4387.00 0.367088
4390.70 0.366489
4394.40 0.365926
4398.10 0.365328
4401.90 0.364764
4405.60 0.364201
4409.40 0.363638
4413.10 0.363092
4416.90 0.362529
4420.60 0.361931
4424.40 0.361403
4428.20 0.360857
4432.00 0.360347
4435.80 0.359819
4439.60 0.359326
4443.40 0.358798
4447.20 0.358235
4451.00 0.357601
4454.80 0.356968
4458.60 0.356229
4462.50 0.355578
4466.30 0.355014
4470.20 0.354592
4474.00 0.354258
4477.90 0.353958
4481.80 0.353677
4485.60 0.353395
4489.50 0.353043
4493.40 0.352797
4497.30 0.352621
4501.20 0.352550
4505.10 0.352480
4509.00 0.352462
4513.00 0.352445
4516.90 0.352427
4520.80 0.352269
4524.80 0.352093
4528.70 0.351846
4532.70 0.351547
4536.70 0.351248
4540.60 0.350966
4544.60 0.350632
4548.60 0.350227
4552.60 0.349735
4556.60 0.349277
4560.60 0.348731
4564.60 0.348203
4568.60 0.347623
4572.70 0.347059
4576.70 0.346479
4580.80 0.345915
4584.80 0.345264
4588.90 0.344648
4592.90 0.343944
4597.00 0.343276
4601.10 0.342572
4605.20 0.341868
4609.30 0.341146
4613.40 0.340460
4617.50 0.339685
4621.60 0.338911
4625.70 0.338084
4629.80 0.337345
4634.00 0.336570
4638.10 0.335813
4642.30 0.335004
4646.40 0.334212
4650.60 0.333402
4654.80 0.332663
4659.00 0.331924
4663.10 0.331220
4667.30 0.330428
4671.50 0.329671
4675.80 0.328985
4680.00 0.328387
4684.20 0.327894
4688.40 0.327630
4692.70 0.327454
4696.90 0.327331
4701.20 0.327243
4705.50 0.327119
4709.70 0.326908
4714.00 0.326732
4718.30 0.326451
4722.60 0.326116
4726.90 0.325711
4731.20 0.325307
4735.50 0.324884
4739.90 0.324427
4744.20 0.323916
4748.50 0.323388
4752.90 0.322825
4757.30 0.322332
4761.60 0.321752
4766.00 0.321206
4770.40 0.320643
4774.80 0.320097
4779.20 0.319587
4783.60 0.319129
4788.00 0.318636
4792.40 0.318232
4796.90 0.317792
4801.30 0.317317
4805.80 0.316789
4810.20 0.316419
4814.70 0.316085
4819.10 0.315715
4823.60 0.315240
4828.10 0.314729
4832.60 0.314113
4837.10 0.313497
4841.60 0.312811
4846.20 0.312072
4850.70 0.311262
4855.30 0.310418
4859.80 0.309362
4864.40 0.308218
4868.90 0.306986
4873.50 0.305683
4878.10 0.304240
4882.70 0.302709
4887.30 0.300914
4891.90 0.298837
4896.50 0.296408
4901.10 0.293857
4905.80 0.291076
4910.40 0.288330
4915.10 0.285673
4919.70 0.283315
4924.40 0.281308
4929.10 0.279724
4933.80 0.278369
4938.50 0.277243
4943.20 0.276046
4947.90 0.274761
4952.60 0.273230
4957.40 0.271294
4962.10 0.268830
4966.90 0.266050
4971.60 0.263058
4976.40 0.260189
4981.20 0.257567
4986.00 0.255349
4990.80 0.253536
4995.60 0.252040
5000.40 0.250773
5005.20 0.249735
5010.00 0.248873
5014.90 0.248292
5019.80 0.248010
5024.60 0.248028
5029.50 0.248133
5034.40 0.248151
5039.30 0.248010
5044.20 0.247817
5049.10 0.247500
5054.00 0.247165
5058.90 0.246796
5063.90 0.246532
5068.80 0.246409
5073.80 0.246461
5078.80 0.246673
5083.70 0.247113
5088.70 0.247588
5093.70 0.248045
5098.70 0.248309
5103.70 0.248415
5108.80 0.248169
5113.80 0.247658
5118.90 0.246989
5123.90 0.246285
5129.00 0.245546
5134.10 0.244948
5139.10 0.244385
5144.30 0.243962
5149.40 0.243505
5154.50 0.243047
5159.60 0.242590
5164.70 0.242097
5169.90 0.241551
5175.00 0.241006
5180.20 0.240390
5185.40 0.239791
5190.60 0.239035
5195.80 0.238190
5201.00 0.237081
5206.20 0.235638
5211.50 0.233790
5216.70 0.231502
5222.00 0.228757
5227.20 0.225677
5232.50 0.222210
5237.80 0.218566
5243.10 0.214818
5248.40 0.211157
5253.70 0.207602
5259.00 0.204258
5264.40 0.201038
5269.70 0.198046
5275.10 0.195177
5280.50 0.192467
5285.80 0.189985
5291.20 0.187803
5296.60 0.185849
5302.00 0.184160
5307.50 0.182646
5312.90 0.181326
5318.40 0.180094
5323.80 0.178968
5329.30 0.177947
5334.80 0.177050
5340.30 0.176258
5345.80 0.175712
5351.30 0.175501
5356.80 0.175782
5362.40 0.176592
5367.90 0.177982
5373.50 0.179936
5379.00 0.182470
5384.60 0.185444
5390.20 0.188771
5395.80 0.192167
5401.50 0.195459
5407.10 0.198433
5412.70 0.200985
5418.40 0.203044
5424.10 0.204628
5429.70 0.205613
5435.40 0.206247
5441.10 0.206458
5446.90 0.206265
5452.60 0.205666
5458.30 0.204839
5464.10 0.203695
5469.80 0.202252
5475.60 0.200686
5481.40 0.199066
5487.20 0.197254
5493.00 0.195406
5498.80 0.193470
5504.70 0.191481
5510.50 0.189404
5516.40 0.187310
5522.30 0.185145
5528.10 0.182963
5534.00 0.180781
5540.00 0.178669
5545.90 0.176522
5551.80 0.174357
5557.80 0.172386
5563.70 0.170802
5569.70 0.169693
5575.70 0.168936
5581.70 0.168479
5587.70 0.168426
5593.70 0.168619
5599.80 0.168901
5605.80 0.169218
5611.90 0.169570
5618.00 0.170045
5624.10 0.170661
5630.20 0.171453
5636.30 0.172562
5642.40 0.173829
5648.60 0.175096
5654.70 0.176434
5660.90 0.177718
5667.10 0.178898
5673.30 0.180024
5679.50 0.180904
5685.70 0.181643
5692.00 0.182241
5698.20 0.182664
5704.50 0.183016
5710.80 0.183262
5717.10 0.183280
5723.40 0.183297
5729.70 0.183245
5736.00 0.183174
5742.40 0.182981
5748.80 0.182769
5755.10 0.182470
5761.50 0.182312
5768.00 0.181942
5774.40 0.181397
5780.80 0.180904
5787.30 0.180429
5793.70 0.179883
5800.20 0.179320
5806.70 0.178669
5813.20 0.178070
5819.80 0.177437
5826.30 0.176610
5832.80 0.175606
5839.40 0.174656
5846.00 0.173618
5852.60 0.172632
5859.20 0.171541
5865.80 0.170327
5872.50 0.169165
5879.10 0.168039
5885.80 0.166420
5892.50 0.165012
5899.20 0.163392
5905.90 0.161738
5912.60 0.160225
5919.40 0.158746
5926.20 0.157532
5932.90 0.156775
5939.70 0.156001
5946.50 0.155561
5953.40 0.155561
5960.20 0.155860
5967.10 0.156353
5974.00 0.156793
5980.80 0.157268
5987.80 0.157743
5994.70 0.157972
6001.60 0.158095
6008.60 0.158130
6015.50 0.157989
6022.50 0.157655
6029.50 0.157180
6036.50 0.156652
6043.60 0.156230
6050.60 0.155561
6057.70 0.154628
6064.80 0.153977
6071.90 0.153255
6079.00 0.152182
6086.10 0.150985
6093.30 0.149735
6100.50 0.148380
6107.60 0.147078
6114.80 0.145512
6122.10 0.143628
6129.30 0.141886
6136.50 0.140038
6143.80 0.137961
6151.10 0.135814
6158.40 0.133667
6165.70 0.131326
6173.10 0.129285
6180.40 0.127595
6187.80 0.126082
6195.20 0.124885
6202.60 0.124164
6210.00 0.123812
6217.50 0.123794
6225.00 0.124005
6232.40 0.124533
6239.90 0.125237
6247.50 0.126117
6255.00 0.127120
6262.50 0.128317
6270.10 0.129637
6277.70 0.130992
6285.30 0.132382
6292.90 0.133773
6300.60 0.135128
6308.30 0.136536
6315.90 0.137997
6323.60 0.139475
6331.40 0.140918
6339.10 0.142361
6346.90 0.143664
6354.60 0.144702
6362.40 0.145811
6370.30 0.147060
6378.10 0.148151
6385.90 0.149225
6393.80 0.150211
6401.70 0.151003
6409.60 0.151724
6417.60 0.152023
6425.50 0.151970
6433.50 0.151830
6441.50 0.151425
6449.50 0.150879
6457.50 0.150087
6465.60 0.149119
6473.60 0.147958
6481.70 0.146655
6489.80 0.145124
6498.00 0.143136
6506.10 0.140900
6514.30 0.138789
6522.50 0.136518
6530.70 0.134283
6539.00 0.132418
6547.20 0.130992
6555.50 0.129971
6563.80 0.129408
6572.10 0.129039
6580.40 0.128651
6588.80 0.128299
6597.20 0.127947
6605.60 0.127455
6614.00 0.126997
6622.50 0.126522
6630.90 0.126187
6639.40 0.125607
6647.90 0.124815
6656.50 0.124005
6665.00 0.123037
6673.60 0.121876
6682.20 0.120661
6690.80 0.119394
6699.50 0.118426
6708.10 0.117705
6716.80 0.117071
6725.50 0.116490
6734.30 0.116033
6743.00 0.115628
6751.80 0.115364
6760.60 0.115082
6769.40 0.114889
6778.30 0.114677
6787.10 0.114431
6796.00 0.114009
6805.00 0.113569
6813.90 0.113164
6822.90 0.112812
6831.90 0.112354
6840.90 0.111914
6849.90 0.111457
6859.00 0.111105
6868.00 0.110630
6877.20 0.110172
6886.30 0.109714
6895.50 0.109222
6904.60 0.108676
6913.80 0.108113
6923.10 0.107497
6932.30 0.106846
6941.60 0.106107
6950.90 0.105491
6960.20 0.104839
6969.60 0.104065
6979.00 0.103343
6988.40 0.102710
6997.80 0.102024
7007.30 0.101408
7016.80 0.100827
7026.30 0.100193
7035.80 0.099595
7045.40 0.099032
7054.90 0.098380
7064.50 0.097870
7074.20 0.097307
7083.90 0.096744
7093.50 0.096075
7103.30 0.095336
7113.00 0.094403
7122.80 0.093312
7132.60 0.092097
7142.40 0.090936
7152.20 0.089827
7162.10 0.088930
7172.00 0.088067
7182.00 0.087275
7191.90 0.086554
7201.90 0.085850
7211.90 0.085005
7222.00 0.084125
7232.00 0.083175
7242.10 0.082207
7252.30 0.081098
7262.40 0.080024
7272.60 0.078986
7282.80 0.078018
7293.10 0.077032
7303.30 0.076170
7313.60 0.075325
7324.00 0.074551
7334.30 0.073794
7344.70 0.073055
7355.10 0.072333
7365.60 0.071647
7376.10 0.070837
7386.60 0.070081
7397.10 0.069289
7407.70 0.068497
7418.30 0.067652
7428.90 0.066842
7439.60 0.066015
7450.20 0.065241
7461.00 0.064431
7471.70 0.063745
7482.50 0.063041
7493.30 0.062390
7504.10 0.061739
7515.00 0.061105
7525.90 0.060401
7536.90 0.059697
7547.90 0.058905
7558.90 0.058095
7569.90 0.057216
7581.00 0.056494
7592.00 0.055772
7603.20 0.055156
7614.40 0.054664
7625.50 0.054347
7636.80 0.054048
7648.00 0.053889
7659.30 0.053643
7670.70 0.053414
7682.00 0.053115
7693.40 0.052780
7704.90 0.052393
7716.30 0.052059
7727.80 0.051742
7739.40 0.051513
7750.90 0.051232
7762.50 0.050933
7774.20 0.050493
7785.80 0.050088
7797.50 0.049701
7809.30 0.049542
7821.10 0.049560
7832.90 0.049824
7844.70 0.050123
7856.60 0.050581
7868.50 0.051232
7880.50 0.052077
7892.50 0.052956
7904.50 0.053960
7916.60 0.055051
7928.70 0.056388
7940.80 0.057744
7953.00 0.059081
7965.20 0.060348
7977.50 0.061615
7989.80 0.062689
8002.10 0.063745
8014.50 0.064801
8026.90 0.065892
8039.30 0.067071
8051.80 0.068391
8064.30 0.069729
8076.90 0.071260
8089.50 0.072844
8102.10 0.074463
8114.80 0.076170
8127.50 0.077965
8140.30 0.079708
8153.10 0.081203
8165.90 0.082242
8178.80 0.082875
8191.70 0.083034
8204.70 0.082752
8217.70 0.082101
8230.70 0.081186
8243.80 0.080007
8257.00 0.078687
8270.10 0.077314
8283.30 0.075924
8296.60 0.074498
8309.90 0.073125
8323.20 0.071788
8336.60 0.070521
8350.00 0.069306
8363.50 0.068180
8377.00 0.067054
8390.50 0.065962
8404.20 0.064854
8417.80 0.063868
8431.50 0.062988
8445.20 0.062108
8459.00 0.061299
8472.80 0.060612
8486.70 0.059943
8500.60 0.059257
8514.50 0.058447
8528.50 0.057726
8542.60 0.056916
8556.70 0.055896
8570.80 0.054593
8585.00 0.052939
8599.30 0.050827
8613.50 0.048803
8627.90 0.047641
8642.30 0.047835
8656.70 0.048821
8671.20 0.049789
8685.70 0.050281
8700.30 0.050581
8714.90 0.050721
8729.50 0.050792
8744.30 0.050774
8759.00 0.050757
8773.90 0.050739
8788.70 0.050827
8803.70 0.050933
8818.60 0.051021
8833.70 0.051056
8848.70 0.051197
8863.80 0.051337
8879.00 0.051496
8894.30 0.051654
8909.50 0.051813
8924.90 0.051953
8940.30 0.052235
8955.70 0.052481
8971.20 0.052745
8986.80 0.052921
9002.30 0.053185
9018.00 0.053396
9033.70 0.053660
9049.50 0.053836
9065.30 0.053995
9081.20 0.054224
9097.10 0.054523
9113.10 0.054734
9129.10 0.055016
9145.20 0.055244
9161.40 0.055456
9177.60 0.055684
9193.90 0.056019
9210.20 0.056318
9226.60 0.056617
9243.00 0.056846
9259.50 0.057075
9276.10 0.057145
9292.70 0.057040
9309.40 0.056635
9326.20 0.055896
9343.00 0.054804
9359.80 0.053432
9376.80 0.051883
9393.80 0.050387
9410.80 0.049067
9427.90 0.048029
9445.10 0.047272
9462.30 0.046762
9479.60 0.046427
9497.00 0.046339
9514.40 0.046269
9531.90 0.046304
9549.40 0.046286
9567.00 0.046269
9584.70 0.046216
9602.50 0.046198
9620.30 0.046251
9638.20 0.046322
9656.10 0.046128
9674.20 0.045917
9692.20 0.045670
9710.40 0.045459
9728.60 0.045195
9746.90 0.044966
9765.20 0.044773
9783.70 0.044685
9802.20 0.044685
9820.70 0.044826
9839.40 0.044861
9858.10 0.044966
9876.80 0.045037
9895.70 0.044984
9914.60 0.044843
9933.60 0.044702
9952.70 0.044456
9971.80 0.044122
9991.00 0.043893
10010.30 0.043717
10029.70 0.043488
10049.10 0.043312
10068.60 0.043171
10088.20 0.043101
10107.90 0.043030
10127.60 0.042978
10147.50 0.042960
10167.30 0.043048
10187.30 0.043030
10207.40 0.043171
10227.50 0.043277
10247.70 0.043347
10268.00 0.043470
10288.40 0.043629
10308.80 0.043858
10329.40 0.044245
10350.00 0.044544
10370.70 0.045054
10391.50 0.045635
10412.30 0.046128
10433.30 0.046410
10454.30 0.046621
10475.40 0.047096
10496.70 0.047923
10517.90 0.048768
10539.30 0.049489
10560.80 0.050211
10582.30 0.051232
10604.00 0.052358
10625.70 0.053414
10647.50 0.054452
10669.40 0.055596
10691.40 0.056705
10713.50 0.057814
10735.70 0.059046
10758.00 0.060348
10780.30 0.061598
10802.80 0.063023
10825.40 0.064414
10848.00 0.065874
10870.80 0.067318
10893.60 0.068761
10916.50 0.070151
10939.50 0.071559
10962.70 0.073037
10985.90 0.074586
11009.20 0.076135
11032.70 0.077684
11056.20 0.079197
11079.80 0.080816
11103.50 0.082418
11127.40 0.083949
11151.30 0.085339
11175.30 0.086624
11199.50 0.087786
11223.70 0.088982
11248.00 0.090021
11272.50 0.090742
11297.10 0.091165
11321.70 0.091517
11346.50 0.091833
11371.40 0.091974
11396.40 0.091939
11421.50 0.091886
11446.70 0.092185
11472.00 0.092854
11497.50 0.093417
11523.00 0.093787
11548.70 0.094086
11574.40 0.094297
11600.30 0.094421
11626.30 0.094597
11652.50 0.094737
11678.70 0.094737
11705.10 0.094685
11731.60 0.094526
11758.20 0.094069
11784.90 0.093505
11811.70 0.093101
11838.70 0.092608
11865.80 0.091886
11893.00 0.090883
11920.30 0.089581
11947.80 0.088190
11975.40 0.086606
12003.10 0.084759
12031.00 0.082647
12059.00 0.080288
12087.10 0.077560
12115.30 0.074428
12143.70 0.070802
12172.20 0.066790
12200.80 0.062513
12229.60 0.058095
12258.50 0.053713
12287.60 0.049454
12316.80 0.045582
12346.10 0.042221
12375.50 0.039264
12405.20 0.036906
12434.90 0.035040
12464.80 0.033492
12494.80 0.032242
12525.00 0.031239
12555.30 0.030183
12585.80 0.029162
12616.40 0.028159
12647.20 0.027684
12678.10 0.027895
12709.20 0.028564
12740.40 0.029391
12771.80 0.030095
12803.30 0.030640
12835.00 0.030975
12866.90 0.030852
12898.90 0.030658
12931.10 0.030676
12963.40 0.031133
12995.90 0.031661
13028.50 0.032172
13061.30 0.032664
13094.30 0.033210
13127.50 0.033791
13160.80 0.034442
13194.30 0.035199
13228.00 0.035850
13261.80 0.036114
13295.80 0.036290
13330.00 0.036448
13364.30 0.036448
13398.80 0.036219
13433.60 0.035991
13468.50 0.035815
13503.50 0.035832
13538.80 0.035797
13574.20 0.035656
13609.90 0.035445
13645.70 0.035287
13681.70 0.034917
13717.90 0.034548
13754.30 0.034284
13790.80 0.034196
13827.60 0.034460
13864.60 0.035023
13901.80 0.035709
13939.20 0.036167
13976.70 0.036448
14014.50 0.036783
14052.50 0.036976
14090.70 0.037205
14129.00 0.037135
14167.60 0.036835
14206.50 0.036096
14245.50 0.034935
14284.70 0.033439
14324.20 0.032154
14363.90 0.031890
14403.80 0.033104
14443.90 0.035322
14484.30 0.038067
14524.80 0.040479
14565.60 0.042326
14606.70 0.043558
14647.90 0.044526
14689.40 0.045002
14731.20 0.045142
14773.10 0.044931
14815.30 0.044632
14857.80 0.044210
14900.50 0.043541
14943.40 0.042784
14986.60 0.041957
15030.00 0.040901
15073.70 0.039810
15117.70 0.038631
15161.90 0.037469
15206.30 0.036114
15251.10 0.034794
15296.10 0.033562
15341.30 0.032629
15386.80 0.031679
15432.60 0.030834
15478.70 0.030359
15525.00 0.030271
15571.70 0.030394
15618.60 0.030570
15665.80 0.031045
15713.20 0.031872
15761.00 0.032488
15809.00 0.033210
15857.40 0.033756
15906.00 0.034143
15955.00 0.034460
16004.20 0.034512
16053.80 0.034389
16103.60 0.034055
16153.80 0.033527
16204.30 0.033140
16255.10 0.032858
16306.20 0.032524
16357.60 0.032189
16409.40 0.032559
16461.50 0.033157
16513.90 0.033615
16566.70 0.034108
16619.80 0.034460
16673.20 0.034812
16727.00 0.035146
16781.10 0.035375
16835.60 0.035568
16890.50 0.035604
16945.70 0.035656
17001.20 0.035797
17057.20 0.035938
17113.40 0.036008
17170.10 0.036219
17227.20 0.036255
17284.60 0.036466
17342.40 0.036888
17400.60 0.037170
17459.20 0.037311
17518.20 0.037539
17577.50 0.037539
17637.30 0.037698
17697.50 0.038085
17758.10 0.038472
17819.20 0.038754
17880.60 0.039071
17942.50 0.039123
18004.80 0.039317
18067.50 0.039370
18130.70 0.039000
18194.30 0.038455
18258.40 0.038525
18322.90 0.038419
18387.90 0.038243
18453.30 0.038419
18519.20 0.038930
18585.60 0.039229
18652.40 0.040021
18719.80 0.040602
18787.60 0.041007
18855.90 0.041816
18924.70 0.042714
18994.10 0.043136
19063.90 0.043787
19134.20 0.044016
19205.10 0.043752
19276.50 0.043981
19348.40 0.044614
19420.90 0.044896
19493.90 0.045248
19567.50 0.046110
19641.60 0.047272
19716.30 0.047448
19791.50 0.047448
19867.30 0.047571
19943.80 0.048416
20020.80 0.049014
20098.40 0.049331
20176.60 0.049278
20255.40 0.049067
20334.80 0.048486
20414.90 0.048029
20495.60 0.047729
20576.90 0.047483
20658.90 0.047113
20741.50 0.046902
20824.80 0.046234
20908.80 0.045670
20993.40 0.044861
21078.80 0.044597
21164.80 0.044878
21251.60 0.044861
21339.00 0.044192
21427.20 0.043312
21516.10 0.042696
21605.80 0.043347
21696.20 0.043523
21787.30 0.043981
21879.30 0.044667
21972.00 0.044474
22065.50 0.044315
22159.70 0.042819
22254.80 0.041130
22350.80 0.040338
22447.50 0.039405
22545.10 0.039475
22643.60 0.039616
22742.90 0.038983
22843.10 0.038789
22944.20 0.039053
23046.20 0.040179
23149.00 0.041552
23252.80 0.040795
23357.60 0.040285
23463.30 0.039951
23569.90 0.038472
23677.50 0.037082
23786.10 0.036483
23895.80 0.035692
24006.40 0.036219
24118.00 0.036589
24230.70 0.035674
24344.50 0.035181
24459.40 0.034477
24575.30 0.031908
24692.30 0.032031
24810.40 0.033456
24929.70 0.035252
25050.20 0.038120
