300.00 0.091790
305.00 0.100880
310.00 0.103890
315.00 0.110330
320.00 0.112500
325.00 0.116550
330.00 0.118560
335.00 0.121320
340.00 0.124090
345.00 0.126890
350.00 0.129520
355.00 0.132370
360.00 0.135550
365.00 0.139750
370.00 0.142870
375.00 0.145290
380.00 0.149280
385.00 0.152630
390.00 0.156500
395.00 0.160750
400.00 0.161480
405.00 0.163220
410.00 0.165680
415.00 0.168480
420.00 0.171820
425.00 0.175750
430.00 0.179620
435.00 0.183020
440.00 0.186370
445.00 0.188810
450.00 0.190740
455.00 0.192290
460.00 0.194750
465.00 0.196600
470.00 0.198610
475.00 0.201340
480.00 0.204430
485.00 0.207480
490.00 0.209800
495.00 0.211210
500.00 0.214190
505.00 0.216310
510.00 0.218450
515.00 0.220030
520.00 0.221510
525.00 0.222540
530.00 0.224020
535.00 0.225100
540.00 0.226120
545.00 0.226370
550.00 0.226800
555.00 0.226860
560.00 0.227020
565.00 0.226700
570.00 0.226450
575.00 0.225630
580.00 0.225040
585.00 0.224740
590.00 0.223490
595.00 0.222650
600.00 0.221780
605.00 0.220620
610.00 0.219720
615.00 0.218940
620.00 0.217630
625.00 0.216580
630.00 0.215510
635.00 0.214470
640.00 0.213420
645.00 0.212290
650.00 0.211250
655.00 0.209890
660.00 0.208820
665.00 0.207570
670.00 0.206780
675.00 0.205770
680.00 0.205060
685.00 0.204220
690.00 0.203450
695.00 0.202790
700.00 0.202470
705.00 0.201630
710.00 0.201540
715.00 0.201180
720.00 0.201010
725.00 0.200630
730.00 0.200850
735.00 0.201150
740.00 0.201600
745.00 0.202230
750.00 0.202760
755.00 0.203520
760.00 0.204450
765.00 0.205430
770.00 0.206710
775.00 0.207670
780.00 0.208610
785.00 0.209550
790.00 0.210710
795.00 0.211690
800.00 0.212790
805.00 0.213600
810.00 0.214350
815.00 0.214460
820.00 0.215170
825.00 0.215300
830.00 0.215530
835.00 0.215380
840.00 0.215220
845.00 0.214420
850.00 0.213990
855.00 0.213710
860.00 0.213530
865.00 0.213260
865.20 0.213260
865.30 0.212842
865.50 0.212361
865.60 0.212978
865.80 0.213281
865.90 0.213082
866.00 0.212821
866.20 0.212706
866.30 0.213312
866.50 0.213375
866.60 0.213438
866.80 0.213124
866.90 0.212507
867.10 0.212507
867.20 0.212277
867.30 0.212319
867.50 0.212413
867.60 0.212099
867.80 0.212099
867.90 0.212507
868.10 0.213553
868.20 0.213250
868.40 0.211995
868.50 0.212057
868.70 0.212622
868.80 0.212957
869.00 0.213155
869.10 0.212999
869.20 0.212423
869.40 0.212256
869.50 0.212591
869.70 0.212350
869.80 0.212528
870.00 0.212664
870.10 0.212361
870.30 0.211618
870.40 0.211147
870.60 0.212162
870.70 0.212601
870.80 0.212068
871.00 0.211817
871.10 0.211827
871.30 0.211859
871.40 0.211995
871.60 0.211754
871.70 0.212298
871.90 0.211796
872.00 0.211649
872.20 0.212089
872.30 0.212078
872.50 0.211618
872.60 0.210771
872.80 0.210300
872.90 0.210635
873.00 0.211503
873.20 0.211869
873.30 0.211242
873.50 0.210792
873.60 0.211116
873.80 0.211660
873.90 0.212089
874.10 0.211911
874.20 0.211555
874.40 0.211095
874.50 0.210499
874.70 0.210687
874.80 0.211440
875.00 0.211221
875.10 0.210656
875.30 0.210342
875.40 0.210771
875.50 0.211231
875.70 0.211315
875.80 0.211137
876.00 0.211398
876.20 0.211398
876.30 0.211325
876.40 0.210739
876.60 0.210478
876.70 0.210719
876.90 0.210112
877.00 0.210196
877.20 0.210185
877.30 0.209819
877.50 0.210457
877.60 0.211095
877.80 0.210624
877.90 0.210206
878.10 0.210112
878.20 0.210028
878.40 0.210154
878.50 0.210750
878.70 0.211189
878.80 0.210666
879.00 0.210394
879.10 0.210196
879.30 0.210049
879.40 0.210729
879.60 0.210729
879.70 0.210436
879.90 0.210373
880.00 0.210708
880.20 0.210321
880.30 0.210300
880.50 0.210363
880.60 0.210206
880.80 0.210405
880.90 0.210248
881.10 0.210018
881.20 0.209453
881.40 0.209495
881.50 0.210049
881.70 0.210227
881.80 0.210426
882.00 0.210415
882.10 0.210530
882.30 0.210081
882.40 0.209349
882.60 0.209526
882.70 0.209861
882.90 0.209715
883.00 0.209641
883.20 0.209777
883.30 0.209683
883.50 0.209537
883.60 0.209244
883.80 0.209098
883.90 0.209516
884.10 0.209945
884.20 0.209892
884.40 0.209913
884.50 0.209715
884.70 0.209767
884.80 0.209997
885.00 0.210666
885.10 0.210415
885.30 0.209652
885.40 0.209568
885.60 0.209861
885.70 0.209913
885.90 0.209579
886.00 0.209003
886.20 0.209537
886.30 0.209568
886.50 0.209223
886.60 0.209286
886.80 0.209066
886.90 0.208972
887.10 0.209098
887.20 0.208867
887.40 0.209024
887.50 0.208888
887.70 0.209390
887.80 0.209505
888.00 0.209453
888.20 0.208564
888.30 0.207989
888.50 0.208658
888.60 0.209003
888.80 0.208564
888.90 0.208439
889.10 0.208135
889.20 0.207727
889.40 0.207895
889.50 0.208386
889.70 0.209098
889.80 0.209244
890.00 0.208292
890.10 0.207937
890.30 0.208188
890.40 0.208690
890.60 0.208982
890.80 0.208794
890.90 0.208512
891.00 0.208690
891.20 0.208857
891.40 0.208177
891.50 0.207748
891.70 0.208156
891.80 0.208324
892.00 0.208177
892.10 0.208501
892.30 0.208648
892.40 0.208250
892.60 0.207968
892.70 0.208062
892.90 0.208480
893.00 0.208616
893.20 0.207853
893.40 0.206954
893.50 0.206964
893.70 0.207717
893.80 0.208167
894.00 0.208052
894.10 0.207790
894.30 0.207895
894.40 0.207780
894.60 0.207790
894.70 0.208271
894.90 0.207811
895.00 0.207424
895.20 0.207842
895.40 0.207811
895.50 0.207571
895.70 0.207435
895.80 0.207832
896.00 0.207842
896.10 0.207518
896.30 0.207686
896.40 0.207393
896.60 0.207048
896.80 0.207173
896.90 0.207267
897.10 0.207382
897.20 0.207822
897.40 0.207978
897.50 0.207686
897.70 0.207581
897.80 0.207958
898.00 0.207926
898.20 0.207435
898.30 0.207351
898.50 0.207707
898.60 0.208041
898.80 0.207550
898.90 0.207121
899.10 0.207110
899.20 0.207278
899.40 0.207110
899.60 0.207048
899.70 0.207016
899.90 0.206441
900.00 0.206284
900.20 0.206399
900.30 0.206336
900.50 0.206880
900.70 0.207246
900.80 0.206870
901.00 0.206995
901.10 0.207278
901.30 0.207100
901.40 0.206734
901.60 0.207006
901.80 0.207267
901.90 0.207194
902.10 0.206661
902.20 0.206472
902.40 0.207058
902.50 0.207016
902.70 0.206472
902.80 0.206828
903.00 0.206723
903.20 0.206117
903.30 0.206065
903.50 0.206305
903.60 0.206378
903.80 0.206295
904.00 0.206159
904.10 0.206336
904.30 0.206504
904.40 0.206472
904.60 0.206525
904.70 0.206451
904.90 0.206420
905.00 0.206221
905.20 0.206263
905.40 0.206326
905.50 0.206378
905.70 0.206012
905.80 0.206253
906.00 0.206682
906.20 0.206765
906.30 0.206263
906.50 0.205960
906.60 0.205814
906.80 0.205929
907.00 0.206274
907.10 0.206514
907.30 0.206619
907.40 0.206504
907.60 0.206368
907.70 0.206096
907.90 0.206410
908.10 0.206493
908.20 0.206326
908.40 0.206221
908.50 0.205604
908.70 0.205406
908.90 0.205939
909.00 0.206347
909.20 0.206221
909.30 0.205960
909.50 0.205866
909.70 0.205824
909.80 0.206033
910.00 0.206065
910.10 0.206117
910.30 0.205814
910.50 0.205991
910.60 0.206347
910.80 0.205793
910.90 0.205343
911.10 0.205364
911.30 0.205500
911.40 0.205395
911.60 0.205395
911.70 0.205458
911.90 0.205834
912.10 0.205563
912.20 0.205322
912.40 0.205510
912.50 0.206075
912.70 0.206044
912.90 0.205573
913.00 0.205416
913.20 0.205625
913.30 0.205782
913.50 0.205740
913.70 0.205615
913.80 0.205751
914.00 0.205667
914.20 0.205573
914.30 0.205834
914.50 0.205636
914.60 0.205427
914.80 0.205636
915.00 0.206044
915.10 0.206127
915.30 0.205667
915.40 0.205427
915.60 0.205594
915.80 0.205793
915.90 0.205489
916.10 0.205196
916.30 0.205385
916.40 0.205657
916.60 0.205615
916.70 0.205636
916.90 0.205416
917.10 0.204820
917.20 0.204820
917.40 0.205583
917.50 0.205793
917.70 0.205259
917.90 0.205270
918.00 0.205594
918.20 0.205249
918.40 0.205186
918.50 0.205468
918.70 0.205458
918.80 0.204998
919.00 0.205061
919.20 0.205134
919.30 0.205071
919.50 0.205029
919.70 0.205113
919.80 0.205416
920.00 0.205291
920.20 0.204966
920.30 0.204966
920.50 0.205029
920.60 0.205029
920.80 0.204956
921.00 0.204883
921.10 0.205019
921.30 0.205207
921.50 0.205688
921.60 0.205803
921.80 0.205385
922.00 0.205134
922.10 0.205092
922.30 0.205019
922.40 0.205029
922.60 0.205071
922.80 0.205061
922.90 0.204872
923.10 0.204862
923.30 0.204977
923.40 0.205249
923.60 0.205249
923.80 0.205625
923.90 0.205740
924.10 0.205709
924.30 0.205636
924.40 0.205521
924.60 0.205395
924.70 0.204966
924.90 0.204883
925.10 0.205113
925.20 0.205332
925.40 0.205364
925.60 0.205416
925.70 0.205353
925.90 0.205196
926.10 0.204987
926.20 0.205270
926.40 0.205447
926.60 0.205332
926.70 0.205144
926.90 0.204632
927.10 0.204590
927.20 0.205019
927.40 0.205270
927.60 0.205228
927.70 0.204799
927.90 0.204558
928.00 0.204768
928.20 0.204883
928.40 0.205207
928.50 0.205468
928.70 0.205081
928.90 0.204579
929.00 0.204203
929.20 0.204151
929.40 0.204600
929.50 0.205092
929.70 0.205196
929.90 0.205102
930.00 0.205238
930.20 0.205207
930.40 0.205123
930.50 0.204987
930.70 0.204987
930.90 0.204862
931.00 0.204715
931.20 0.204653
931.40 0.204945
931.60 0.204904
931.70 0.204768
931.90 0.204841
932.10 0.204998
932.20 0.205040
932.40 0.205144
932.60 0.205165
932.70 0.205008
932.90 0.205008
933.10 0.205029
933.20 0.204799
933.40 0.204736
933.60 0.204747
933.70 0.204684
933.90 0.204757
934.10 0.204632
934.20 0.204569
934.40 0.204778
934.60 0.205123
934.80 0.205228
934.90 0.205050
935.10 0.204977
935.30 0.204830
935.40 0.204768
935.60 0.204830
935.80 0.205050
935.90 0.204904
936.10 0.204747
936.30 0.205081
936.40 0.205385
936.60 0.205113
936.80 0.204862
936.90 0.204862
937.10 0.204893
937.30 0.204726
937.50 0.204736
937.60 0.204736
937.80 0.204977
938.00 0.205061
938.10 0.205061
938.30 0.205102
938.50 0.205123
938.60 0.205050
938.80 0.204830
939.00 0.204914
939.20 0.205071
939.30 0.204987
939.50 0.204736
939.70 0.204705
939.80 0.204820
940.00 0.204789
940.20 0.204977
940.30 0.204966
940.50 0.204736
940.70 0.204966
940.80 0.204883
941.00 0.204747
941.20 0.204904
941.40 0.204914
941.50 0.204862
941.70 0.204851
941.90 0.204956
942.00 0.205134
942.20 0.205113
942.40 0.205207
942.60 0.205102
942.70 0.204914
942.90 0.204757
943.10 0.204684
943.30 0.204778
943.40 0.204820
943.60 0.205008
943.80 0.205196
943.90 0.205343
944.10 0.205019
944.30 0.204757
944.50 0.204569
944.60 0.204496
944.80 0.204757
945.00 0.204998
945.10 0.204883
945.30 0.204778
945.50 0.204715
945.70 0.204851
945.80 0.204925
946.00 0.204925
946.20 0.204789
946.30 0.204893
946.50 0.204966
946.70 0.205029
946.90 0.204715
947.00 0.204810
947.20 0.205217
947.40 0.205186
947.60 0.205019
947.70 0.204893
947.90 0.205081
948.10 0.204914
948.30 0.204768
948.40 0.204925
948.60 0.204945
948.80 0.204966
949.00 0.205029
949.10 0.204945
949.30 0.204841
949.50 0.204862
949.60 0.205081
949.80 0.205176
950.00 0.204987
950.20 0.205050
950.30 0.205416
950.50 0.205406
950.70 0.205176
950.90 0.204966
951.00 0.205113
951.20 0.205113
951.40 0.205008
951.60 0.205291
951.70 0.205301
951.90 0.205176
952.10 0.205259
952.30 0.205207
952.40 0.205071
952.60 0.205092
952.80 0.205458
953.00 0.205563
953.10 0.205521
953.30 0.205489
953.50 0.205479
953.70 0.205259
953.80 0.205196
954.00 0.205196
954.20 0.205259
954.40 0.205353
954.50 0.205395
954.70 0.205437
954.90 0.205479
955.10 0.205500
955.20 0.205468
955.40 0.205155
955.60 0.205029
955.80 0.205291
956.00 0.205374
956.10 0.205353
956.30 0.205291
956.50 0.205238
956.70 0.205447
956.80 0.205458
957.00 0.205228
957.20 0.205102
957.40 0.205291
957.50 0.205416
957.70 0.205447
957.90 0.205625
958.10 0.205698
958.20 0.205479
958.40 0.205176
958.60 0.205123
958.80 0.205280
959.00 0.205322
959.10 0.205259
959.30 0.205479
959.50 0.205521
959.70 0.205594
959.80 0.205531
960.00 0.205500
960.20 0.205458
960.40 0.205322
960.50 0.205176
960.70 0.205280
960.90 0.205479
961.10 0.205563
961.30 0.205500
961.40 0.205510
961.60 0.205782
961.80 0.205678
962.00 0.205667
962.20 0.205615
962.30 0.205678
962.50 0.205583
962.70 0.205385
962.90 0.205385
963.00 0.205447
963.20 0.205259
963.40 0.205364
963.60 0.205730
963.80 0.206033
963.90 0.205719
964.10 0.205081
964.30 0.205144
964.50 0.205573
964.70 0.205615
964.80 0.205479
965.00 0.205583
965.20 0.205657
965.40 0.205688
965.60 0.205604
965.70 0.205374
965.90 0.205322
966.10 0.205406
966.30 0.205625
966.50 0.205636
966.60 0.205657
966.80 0.205740
967.00 0.205698
967.20 0.205646
967.40 0.205573
967.50 0.205521
967.70 0.205458
967.90 0.205751
968.10 0.206075
968.30 0.206054
968.40 0.205876
968.60 0.205678
968.80 0.205583
969.00 0.205615
969.20 0.205719
969.30 0.205636
969.50 0.205521
969.70 0.205657
969.90 0.205761
970.10 0.205949
970.30 0.206200
970.40 0.206295
970.60 0.206148
970.80 0.205918
971.00 0.205803
971.20 0.205866
971.30 0.205824
971.50 0.205761
971.70 0.205709
971.90 0.205834
972.10 0.205855
972.30 0.205740
972.40 0.205772
972.60 0.205688
972.80 0.205510
973.00 0.205688
973.20 0.206023
973.30 0.205970
973.50 0.205834
973.70 0.205761
973.90 0.205740
974.10 0.205678
974.30 0.205803
974.50 0.205897
974.60 0.205855
974.80 0.205970
975.00 0.206065
975.20 0.205918
975.40 0.205834
975.50 0.205834
975.70 0.205949
975.90 0.205897
976.10 0.205876
976.30 0.206012
976.50 0.206096
976.70 0.206159
976.80 0.206002
977.00 0.205751
977.20 0.205824
977.40 0.205918
977.60 0.205897
977.80 0.205782
977.90 0.205970
978.10 0.206159
978.30 0.206106
978.50 0.206002
978.70 0.206023
978.90 0.206106
979.00 0.206117
979.20 0.206368
979.40 0.206389
979.60 0.206065
979.80 0.206065
980.00 0.206284
980.20 0.206525
980.30 0.206431
980.50 0.206305
980.70 0.206368
980.90 0.206399
981.10 0.206336
981.30 0.206305
981.50 0.206431
981.70 0.206347
981.80 0.206180
982.00 0.206159
982.20 0.206054
982.40 0.206117
982.60 0.206253
982.80 0.206221
983.00 0.206127
983.10 0.206221
983.30 0.206399
983.50 0.206420
983.70 0.206305
983.90 0.206232
984.10 0.206232
984.30 0.206190
984.40 0.206190
984.60 0.206295
984.80 0.206316
985.00 0.206389
985.20 0.206451
985.40 0.206441
985.60 0.206472
985.80 0.206389
985.90 0.206420
986.10 0.206462
986.30 0.206305
986.50 0.206159
986.70 0.206190
986.90 0.206378
987.10 0.206514
987.30 0.206253
987.40 0.206138
987.60 0.206316
987.80 0.206504
988.00 0.206493
988.20 0.206410
988.40 0.206347
988.60 0.206399
988.80 0.206514
989.00 0.206556
989.10 0.206410
989.30 0.206253
989.50 0.206420
989.70 0.206650
989.90 0.206661
990.10 0.206577
990.30 0.206587
990.50 0.206598
990.70 0.206619
990.80 0.206640
991.00 0.206441
991.20 0.206410
991.40 0.206619
991.60 0.206755
991.80 0.206546
992.00 0.206431
992.20 0.206629
992.40 0.206859
992.50 0.206859
992.70 0.206619
992.90 0.206493
993.10 0.206567
993.30 0.206682
993.50 0.206671
993.70 0.206514
993.90 0.206598
994.10 0.206525
994.30 0.206441
994.50 0.206535
994.60 0.206640
994.80 0.206608
995.00 0.206682
995.20 0.206713
995.40 0.206577
995.60 0.206598
995.80 0.206640
996.00 0.206786
996.20 0.206901
996.40 0.206692
996.50 0.206640
996.70 0.206723
996.90 0.206598
997.10 0.206567
997.30 0.206640
997.50 0.206734
997.70 0.206744
997.90 0.206682
998.10 0.206702
998.30 0.206744
998.50 0.206734
998.70 0.206849
998.90 0.206901
999.00 0.206901
999.20 0.206901
999.40 0.206818
999.60 0.206577
999.80 0.206650
1000.00 0.206859
1000.20 0.206974
1000.40 0.206912
1000.60 0.206891
1000.80 0.206943
1001.00 0.206838
1001.20 0.206619
1001.40 0.206629
1001.60 0.206807
1001.80 0.206818
1001.90 0.206734
1002.10 0.206692
1002.30 0.206786
1002.50 0.206807
1002.70 0.206797
1002.90 0.206818
1003.10 0.206912
1003.30 0.207110
1003.50 0.207100
1003.70 0.206954
1003.90 0.206891
1004.10 0.206870
1004.30 0.206933
1004.50 0.206849
1004.70 0.206849
1004.90 0.206943
1005.00 0.206933
1005.30 0.206901
1005.40 0.206922
1005.60 0.206838
1005.80 0.206650
1006.00 0.206776
1006.20 0.206870
1006.40 0.206870
1006.60 0.206818
1006.80 0.206797
1007.00 0.206901
1007.20 0.206943
1007.40 0.207006
1007.60 0.206985
1007.80 0.206985
1008.00 0.206974
1008.20 0.206964
1008.40 0.206922
1008.60 0.206891
1008.80 0.206880
1009.00 0.206933
1009.20 0.206964
1009.40 0.206985
1009.50 0.207089
1009.80 0.207100
1010.00 0.207121
1010.10 0.207027
1010.30 0.206880
1010.50 0.206995
1010.70 0.207131
1010.90 0.207016
1011.10 0.206933
1011.30 0.206912
1011.50 0.206797
1011.70 0.206818
1011.90 0.207089
1012.10 0.207152
1012.30 0.206922
1012.50 0.206849
1012.70 0.207006
1012.90 0.207037
1013.10 0.207016
1013.30 0.207006
1013.50 0.207037
1013.70 0.207037
1013.90 0.207006
1014.10 0.206964
1014.30 0.206807
1014.50 0.206880
1014.70 0.206859
1014.90 0.206985
1015.10 0.207246
1015.30 0.207173
1015.50 0.206891
1015.70 0.206912
1015.90 0.207016
1016.10 0.206995
1016.30 0.206995
1016.50 0.206995
1016.70 0.206974
1016.90 0.206922
1017.10 0.207037
1017.30 0.207215
1017.50 0.207121
1017.70 0.206954
1017.90 0.207100
1018.10 0.207236
1018.30 0.207173
1018.50 0.207016
1018.70 0.207037
1018.90 0.207069
1019.10 0.207037
1019.30 0.207100
1019.50 0.207121
1019.70 0.207131
1019.90 0.207205
1020.10 0.207121
1020.30 0.207110
1020.50 0.207173
1020.70 0.207205
1020.90 0.207236
1021.10 0.207215
1021.30 0.206954
1021.50 0.206797
1021.70 0.206974
1021.90 0.207079
1022.10 0.207131
1022.30 0.206995
1022.50 0.206859
1022.70 0.206922
1022.90 0.206964
1023.10 0.207100
1023.30 0.207194
1023.50 0.207236
1023.70 0.207257
1023.90 0.207142
1024.10 0.207069
1024.30 0.207121
1024.50 0.207027
1024.70 0.207027
1024.90 0.207121
1025.10 0.207194
1025.30 0.207205
1025.50 0.207058
1025.70 0.207037
1025.90 0.207131
1026.10 0.207246
1026.30 0.207267
1026.50 0.207100
1026.80 0.207048
1026.90 0.207048
1027.20 0.207100
1027.40 0.207079
1027.60 0.207131
1027.80 0.207152
1028.00 0.207131
1028.20 0.207163
1028.40 0.207205
1028.60 0.207225
1028.80 0.207225
1029.00 0.207110
1029.20 0.207110
1029.40 0.207173
1029.60 0.207142
1029.80 0.207100
1030.00 0.207163
1030.20 0.207100
1030.40 0.207037
1030.60 0.207184
1030.80 0.207142
1031.00 0.207037
1031.20 0.207079
1031.40 0.207184
1031.70 0.207173
1031.80 0.207194
1032.10 0.207194
1032.30 0.207184
1032.50 0.207089
1032.70 0.207121
1032.90 0.207184
1033.10 0.207173
1033.30 0.207267
1033.50 0.207246
1033.70 0.207089
1033.90 0.207110
1034.10 0.207194
1034.30 0.207278
1034.50 0.207184
1034.70 0.207194
1034.90 0.207225
1035.20 0.207225
1035.40 0.207205
1035.60 0.207205
1035.80 0.207100
1036.00 0.207016
1036.20 0.207048
1036.40 0.207100
1036.60 0.207142
1036.80 0.207205
1037.00 0.207267
1037.20 0.207278
1037.40 0.207205
1037.60 0.207037
1037.80 0.207006
1038.10 0.207027
1038.30 0.207205
1038.50 0.207299
1038.70 0.207058
1038.90 0.206985
1039.10 0.207163
1039.30 0.207351
1039.50 0.207372
1039.70 0.207163
1039.90 0.207069
1040.10 0.207069
1040.30 0.207152
1040.60 0.207257
1040.80 0.207194
1041.00 0.207069
1041.20 0.206985
1041.40 0.206922
1041.60 0.206943
1041.80 0.207016
1042.00 0.207027
1042.20 0.207069
1042.40 0.207184
1042.60 0.207069
1042.80 0.207016
1043.10 0.207131
1043.30 0.207163
1043.50 0.207142
1043.70 0.207278
1043.90 0.207257
1044.10 0.207131
1044.30 0.207320
1044.50 0.207267
1044.80 0.207069
1045.00 0.207048
1045.20 0.207131
1045.40 0.207058
1045.60 0.207131
1045.80 0.207246
1046.00 0.207163
1046.20 0.207069
1046.40 0.207142
1046.60 0.207225
1046.90 0.207257
1047.10 0.207215
1047.30 0.207205
1047.50 0.207299
1047.70 0.207257
1047.90 0.207205
1048.10 0.207184
1048.30 0.207257
1048.60 0.207215
1048.80 0.207246
1049.00 0.207236
1049.20 0.207173
1049.40 0.207142
1049.60 0.207131
1049.80 0.207215
1050.00 0.207320
1050.30 0.207257
1050.50 0.207184
1050.70 0.207173
1050.90 0.207194
1051.10 0.207225
1051.30 0.207476
1051.50 0.207424
1051.70 0.207152
1051.90 0.207131
1052.20 0.207225
1052.40 0.207330
1052.60 0.207361
1052.80 0.207184
1053.00 0.207205
1053.20 0.207267
1053.40 0.207184
1053.70 0.207236
1053.90 0.207299
1054.10 0.207320
1054.30 0.207330
1054.50 0.207361
1054.70 0.207309
1054.90 0.207309
1055.20 0.207340
1055.40 0.207246
1055.60 0.207194
1055.80 0.207163
1056.00 0.207194
1056.20 0.207278
1056.40 0.207320
1056.70 0.207173
1056.90 0.207142
1057.10 0.207236
1057.30 0.207330
1057.50 0.207246
1057.80 0.207121
1058.00 0.207163
1058.20 0.207299
1058.40 0.207351
1058.60 0.207320
1058.80 0.207288
1059.00 0.207225
1059.30 0.207246
1059.50 0.207257
1059.70 0.207382
1059.90 0.207497
1060.10 0.207508
1060.30 0.207497
1060.60 0.207445
1060.80 0.207299
1061.00 0.207257
1061.20 0.207361
1061.40 0.207445
1061.70 0.207340
1061.90 0.207320
1062.10 0.207257
1062.30 0.207330
1062.50 0.207445
1062.70 0.207414
1062.90 0.207299
1063.20 0.207267
1063.40 0.207351
1063.60 0.207424
1063.80 0.207497
1064.00 0.207529
1064.30 0.207476
1064.50 0.207456
1064.70 0.207403
1064.90 0.207435
1065.10 0.207456
1065.30 0.207414
1065.60 0.207466
1065.80 0.207476
1066.00 0.207487
1066.20 0.207456
1066.40 0.207340
1066.70 0.207320
1066.90 0.207330
1067.10 0.207267
1067.30 0.207267
1067.60 0.207309
1067.80 0.207320
1068.00 0.207340
1068.20 0.207288
1068.40 0.207340
1068.70 0.207414
1068.90 0.207476
1069.10 0.207539
1069.30 0.207612
1069.50 0.207550
1069.80 0.207487
1070.00 0.207518
1070.20 0.207612
1070.40 0.207539
1070.60 0.207403
1070.80 0.207476
1071.10 0.207529
1071.30 0.207571
1071.50 0.207560
1071.70 0.207529
1072.00 0.207696
1072.20 0.207665
1072.40 0.207665
1072.60 0.207748
1072.80 0.207811
1073.10 0.207707
1073.30 0.207560
1073.50 0.207612
1073.70 0.207654
1074.00 0.207612
1074.20 0.207571
1074.40 0.207550
1074.60 0.207623
1074.80 0.207727
1075.10 0.207801
1075.30 0.207790
1075.50 0.207717
1075.70 0.207686
1076.00 0.207612
1076.20 0.207560
1076.40 0.207644
1076.60 0.207717
1076.90 0.207727
1077.10 0.207769
1077.30 0.207717
1077.50 0.207633
1077.80 0.207686
1078.00 0.207738
1078.20 0.207633
1078.40 0.207633
1078.70 0.207717
1078.90 0.207748
1079.10 0.207769
1079.30 0.207822
1079.60 0.207822
1079.80 0.207717
1080.00 0.207686
1080.20 0.207780
1080.40 0.207790
1080.70 0.207884
1080.90 0.207937
1081.10 0.207874
1081.30 0.207884
1081.60 0.207905
1081.80 0.207937
1082.00 0.207937
1082.30 0.207790
1082.50 0.207759
1082.70 0.207811
1082.90 0.207916
1083.20 0.207958
1083.40 0.207905
1083.60 0.207832
1083.80 0.207895
1084.10 0.207884
1084.30 0.207811
1084.50 0.207884
1084.80 0.207999
1085.00 0.208031
1085.20 0.207999
1085.40 0.207999
1085.70 0.208041
1085.90 0.208083
1086.10 0.208031
1086.30 0.208073
1086.60 0.208188
1086.80 0.208219
1087.00 0.208198
1087.30 0.208135
1087.50 0.208020
1087.70 0.207947
1087.90 0.208020
1088.20 0.208083
1088.40 0.208125
1088.60 0.208093
1088.80 0.208240
1089.10 0.208397
1089.30 0.208376
1089.50 0.208240
1089.80 0.208125
1090.00 0.208083
1090.20 0.208114
1090.40 0.208229
1090.70 0.208209
1090.90 0.208073
1091.10 0.208020
1091.40 0.208093
1091.60 0.208229
1091.80 0.208229
1092.10 0.208093
1092.30 0.208125
1092.50 0.208250
1092.80 0.208324
1093.00 0.208407
1093.20 0.208397
1093.40 0.208428
1093.70 0.208418
1093.90 0.208428
1094.10 0.208501
1094.40 0.208428
1094.60 0.208439
1094.80 0.208386
1095.10 0.208355
1095.30 0.208313
1095.50 0.208355
1095.80 0.208522
1096.00 0.208522
1096.20 0.208418
1096.40 0.208449
1096.70 0.208501
1096.90 0.208522
1097.10 0.208522
1097.40 0.208554
1097.60 0.208501
1097.80 0.208543
1098.10 0.208606
1098.30 0.208554
1098.50 0.208637
1098.80 0.208752
1099.00 0.208669
1099.20 0.208700
1099.50 0.208679
1099.70 0.208595
1099.90 0.208606
1100.20 0.208679
1100.40 0.208711
1100.60 0.208627
1100.90 0.208606
1101.10 0.208669
1101.30 0.208721
1101.60 0.208815
1101.80 0.208805
1102.00 0.208763
1102.30 0.208805
1102.50 0.208878
1102.70 0.208930
1103.00 0.208909
1103.20 0.208941
1103.40 0.209003
1103.70 0.208972
1103.90 0.208909
1104.20 0.208888
1104.40 0.208867
1104.60 0.208846
1104.90 0.209003
1105.10 0.209098
1105.30 0.209024
1105.60 0.208982
1105.80 0.209024
1106.00 0.209014
1106.30 0.209077
1106.50 0.209118
1106.70 0.209077
1107.00 0.209014
1107.20 0.208972
1107.40 0.208982
1107.70 0.209035
1107.90 0.209045
1108.20 0.209108
1108.40 0.209202
1108.60 0.209286
1108.90 0.209213
1109.10 0.209150
1109.30 0.209181
1109.60 0.209254
1109.80 0.209328
1110.10 0.209369
1110.30 0.209380
1110.50 0.209307
1110.80 0.209213
1111.00 0.209223
1111.30 0.209338
1111.50 0.209369
1111.70 0.209464
1112.00 0.209484
1112.20 0.209432
1112.40 0.209401
1112.70 0.209369
1112.90 0.209411
1113.20 0.209547
1113.40 0.209662
1113.60 0.209610
1113.90 0.209547
1114.10 0.209589
1114.30 0.209505
1114.60 0.209495
1114.80 0.209600
1115.10 0.209662
1115.30 0.209694
1115.60 0.209725
1115.80 0.209725
1116.00 0.209725
1116.30 0.209756
1116.50 0.209840
1116.80 0.209892
1117.00 0.209871
1117.20 0.209934
1117.50 0.209882
1117.70 0.209809
1118.00 0.209913
1118.20 0.210060
1118.40 0.209986
1118.70 0.209892
1118.90 0.209892
1119.20 0.209840
1119.40 0.209892
1119.70 0.209986
1119.90 0.210049
1120.10 0.210081
1120.40 0.210154
1120.60 0.210122
1120.90 0.210102
1121.10 0.210175
1121.30 0.210196
1121.60 0.210227
1121.80 0.210206
1122.10 0.210217
1122.30 0.210290
1122.60 0.210311
1122.80 0.210436
1123.00 0.210499
1123.30 0.210384
1123.50 0.210363
1123.80 0.210332
1124.00 0.210321
1124.30 0.210384
1124.50 0.210415
1124.80 0.210457
1125.00 0.210551
1125.20 0.210572
1125.50 0.210520
1125.70 0.210509
1126.00 0.210583
1126.20 0.210656
1126.50 0.210604
1126.70 0.210562
1126.90 0.210562
1127.20 0.210614
1127.40 0.210698
1127.70 0.210792
1127.90 0.210823
1128.20 0.210907
1128.40 0.210875
1128.70 0.210792
1128.90 0.210834
1129.20 0.210886
1129.40 0.210844
1129.70 0.210834
1129.90 0.210823
1130.10 0.210823
1130.40 0.210938
1130.60 0.211022
1130.90 0.211043
1131.10 0.211043
1131.40 0.211064
1131.60 0.211085
1131.90 0.211074
1132.10 0.211095
1132.40 0.211189
1132.60 0.211231
1132.90 0.211189
1133.10 0.211231
1133.30 0.211273
1133.60 0.211357
1133.80 0.211419
1134.10 0.211398
1134.30 0.211398
1134.60 0.211430
1134.80 0.211430
1135.10 0.211398
1135.30 0.211388
1135.60 0.211440
1135.80 0.211566
1136.10 0.211618
1136.30 0.211534
1136.60 0.211388
1136.80 0.211472
1137.10 0.211587
1137.30 0.211618
1137.60 0.211670
1137.80 0.211691
1138.10 0.211639
1138.30 0.211628
1138.60 0.211723
1138.80 0.211796
1139.10 0.211879
1139.30 0.211942
1139.60 0.211974
1139.80 0.211984
1140.10 0.211953
1140.30 0.211942
1140.60 0.211995
1140.80 0.212047
1141.10 0.212005
1141.30 0.211995
1141.60 0.212099
1141.80 0.212183
1142.10 0.212235
1142.30 0.212151
1142.60 0.212120
1142.80 0.212204
1143.10 0.212204
1143.30 0.212204
1143.60 0.212266
1143.90 0.212225
1144.10 0.212308
1144.40 0.212444
1144.60 0.212434
1144.90 0.212392
1145.10 0.212444
1145.40 0.212497
1145.60 0.212549
1145.90 0.212591
1146.10 0.212570
1146.40 0.212570
1146.60 0.212632
1146.90 0.212737
1147.20 0.212800
1147.40 0.212842
1147.70 0.212831
1147.90 0.212883
1148.20 0.212915
1148.40 0.212915
1148.70 0.212936
1148.90 0.212915
1149.20 0.212904
1149.40 0.212904
1149.70 0.212957
1149.90 0.213082
1150.20 0.213176
1150.40 0.213239
1150.70 0.213270
1151.00 0.213197
1151.20 0.213124
1151.50 0.213218
1151.70 0.213312
1152.00 0.213365
1152.20 0.213333
1152.50 0.213323
1152.80 0.213417
1153.00 0.213501
1153.30 0.213532
1153.50 0.213595
1153.80 0.213678
1154.00 0.213668
1154.30 0.213710
1154.60 0.213825
1154.80 0.213793
1155.10 0.213710
1155.30 0.213814
1155.60 0.213867
1155.80 0.213793
1156.10 0.213814
1156.40 0.213877
1156.60 0.213898
1156.90 0.213940
1157.10 0.214013
1157.40 0.214044
1157.70 0.214013
1157.90 0.214065
1158.20 0.214149
1158.40 0.214212
1158.70 0.214243
1158.90 0.214337
1159.20 0.214463
1159.50 0.214463
1159.70 0.214410
1160.00 0.214400
1160.20 0.214452
1160.50 0.214463
1160.80 0.214442
1161.00 0.214463
1161.30 0.214484
1161.50 0.214505
1161.80 0.214599
1162.10 0.214641
1162.30 0.214630
1162.60 0.214651
1162.80 0.214661
1163.10 0.214745
1163.40 0.214766
1163.60 0.214756
1163.90 0.214850
1164.20 0.214944
1164.40 0.214954
1164.70 0.214996
1164.90 0.215007
1165.20 0.215059
1165.40 0.215122
1165.70 0.215184
1166.00 0.215184
1166.20 0.215205
1166.50 0.215289
1166.80 0.215320
1167.00 0.215331
1167.30 0.215373
1167.60 0.215362
1167.80 0.215383
1168.10 0.215435
1168.30 0.215435
1168.60 0.215477
1168.90 0.215582
1169.10 0.215592
1169.40 0.215561
1169.70 0.215571
1169.90 0.215613
1170.20 0.215749
1170.40 0.215875
1170.70 0.215948
1171.00 0.215958
1171.30 0.215854
1171.50 0.215854
1171.80 0.215948
1172.00 0.216032
1172.30 0.216167
1172.60 0.216251
1172.80 0.216188
1173.10 0.216157
1173.40 0.216178
1173.60 0.216188
1173.90 0.216251
1174.20 0.216283
1174.40 0.216356
1174.70 0.216450
1175.00 0.216492
1175.20 0.216565
1175.50 0.216659
1175.80 0.216649
1176.00 0.216628
1176.30 0.216711
1176.60 0.216701
1176.80 0.216690
1177.10 0.216816
1177.40 0.216962
1177.60 0.216962
1177.90 0.216941
1178.20 0.216941
1178.40 0.217036
1178.70 0.217140
1179.00 0.217203
1179.20 0.217245
1179.50 0.217266
1179.80 0.217276
1180.00 0.217276
1180.30 0.217266
1180.60 0.217307
1180.80 0.217391
1181.10 0.217422
1181.40 0.217412
1181.70 0.217454
1181.90 0.217590
1182.20 0.217674
1182.50 0.217663
1182.70 0.217653
1183.00 0.217684
1183.30 0.217684
1183.50 0.217757
1183.80 0.217841
1184.10 0.217820
1184.40 0.217862
1184.60 0.217998
1184.90 0.218113
1185.20 0.218176
1185.40 0.218217
1185.70 0.218280
1186.00 0.218332
1186.30 0.218385
1186.50 0.218427
1186.80 0.218364
1187.10 0.218301
1187.30 0.218332
1187.60 0.218374
1187.90 0.218489
1188.20 0.218615
1188.40 0.218678
1188.70 0.218719
1189.00 0.218751
1189.30 0.218751
1189.50 0.218813
1189.80 0.218908
1190.10 0.219023
1190.30 0.219033
1190.60 0.219012
1190.90 0.219033
1191.20 0.219096
1191.40 0.219169
1191.70 0.219221
1192.00 0.219221
1192.30 0.219263
1192.50 0.219347
1192.80 0.219368
1193.10 0.219431
1193.30 0.219462
1193.60 0.219441
1193.90 0.219483
1194.20 0.219566
1194.40 0.219598
1194.70 0.219682
1195.00 0.219723
1195.30 0.219807
1195.60 0.219859
1195.80 0.219880
1196.10 0.219901
1196.40 0.219964
1196.70 0.220089
1196.90 0.220163
1197.20 0.220142
1197.50 0.220163
1197.80 0.220194
1198.00 0.220246
1198.30 0.220372
1198.60 0.220424
1198.90 0.220414
1199.20 0.220476
1199.40 0.220476
1199.70 0.220476
1200.00 0.220571
1200.30 0.220696
1200.50 0.220706
1200.80 0.220717
1201.10 0.220801
1201.40 0.220884
1201.70 0.220916
1201.90 0.220968
1202.20 0.221062
1202.50 0.221083
1202.80 0.221114
1203.00 0.221208
1203.30 0.221250
1203.60 0.221250
1203.90 0.221282
1204.20 0.221334
1204.40 0.221449
1204.70 0.221501
1205.00 0.221491
1205.30 0.221554
1205.60 0.221585
1205.80 0.221627
1206.10 0.221773
1206.40 0.221836
1206.70 0.221805
1207.00 0.221878
1207.20 0.221899
1207.50 0.221951
1207.80 0.222003
1208.10 0.222056
1208.40 0.222129
1208.70 0.222118
1208.90 0.222181
1209.20 0.222296
1209.50 0.222359
1209.80 0.222390
1210.10 0.222484
1210.30 0.222568
1210.60 0.222589
1210.90 0.222631
1211.20 0.222683
1211.50 0.222673
1211.80 0.222715
1212.00 0.222777
1212.30 0.222830
1212.60 0.222924
1212.90 0.223018
1213.20 0.223081
1213.50 0.223091
1213.70 0.223112
1214.00 0.223164
1214.30 0.223237
1214.60 0.223300
1214.90 0.223342
1215.20 0.223384
1215.40 0.223478
1215.70 0.223530
1216.00 0.223593
1216.30 0.223624
1216.60 0.223677
1216.90 0.223729
1217.20 0.223802
1217.40 0.223949
1217.70 0.224032
1218.00 0.223980
1218.30 0.223980
1218.60 0.224106
1218.90 0.224137
1219.20 0.224116
1219.40 0.224179
1219.70 0.224252
1220.00 0.224294
1220.30 0.224357
1220.60 0.224419
1220.90 0.224461
1221.20 0.224524
1221.50 0.224576
1221.80 0.224681
1222.00 0.224733
1222.30 0.224785
1222.60 0.224879
1222.90 0.224963
1223.20 0.224994
1223.50 0.224963
1223.80 0.224984
1224.10 0.225110
1224.30 0.225130
1224.60 0.225204
1224.90 0.225319
1225.20 0.225371
1225.50 0.225371
1225.80 0.225413
1226.10 0.225486
1226.40 0.225559
1226.70 0.225622
1227.00 0.225685
1227.30 0.225758
1227.50 0.225789
1227.80 0.225842
1228.10 0.225925
1228.40 0.225936
1228.70 0.225925
1229.00 0.226019
1229.30 0.226103
1229.60 0.226166
1229.90 0.226239
1230.20 0.226302
1230.40 0.226375
1230.70 0.226427
1231.00 0.226480
1231.30 0.226563
1231.60 0.226689
1231.90 0.226752
1232.20 0.226752
1232.50 0.226793
1232.80 0.226908
1233.10 0.227044
1233.40 0.227076
1233.70 0.227107
1234.00 0.227138
1234.30 0.227180
1234.60 0.227233
1234.80 0.227295
1235.10 0.227358
1235.40 0.227389
1235.70 0.227452
1236.00 0.227567
1236.30 0.227661
1236.60 0.227661
1236.90 0.227661
1237.20 0.227808
1237.50 0.227891
1237.80 0.227891
1238.10 0.227975
1238.40 0.228027
1238.70 0.228038
1239.00 0.228153
1239.30 0.228216
1239.60 0.228247
1239.90 0.228310
1240.20 0.228373
1240.50 0.228456
1240.80 0.228519
1241.10 0.228613
1241.30 0.228665
1241.70 0.228728
1241.90 0.228760
1242.20 0.228801
1242.50 0.228906
1242.80 0.228979
1243.10 0.228969
1243.40 0.229021
1243.70 0.229073
1244.00 0.229167
1244.30 0.229272
1244.60 0.229356
1244.90 0.229398
1245.20 0.229471
1245.50 0.229554
1245.80 0.229617
1246.10 0.229669
1246.40 0.229753
1246.70 0.229764
1247.00 0.229805
1247.30 0.229879
1247.60 0.229920
1247.90 0.229962
1248.20 0.230088
1248.50 0.230224
1248.80 0.230213
1249.10 0.230192
1249.40 0.230307
1249.70 0.230402
1250.00 0.230433
1250.30 0.230548
1250.60 0.230653
1250.90 0.230778
1251.20 0.230904
1251.50 0.230851
1251.80 0.230809
1252.10 0.230945
1252.40 0.231029
1252.80 0.231060
1253.10 0.231102
1253.30 0.231175
1253.70 0.231217
1254.00 0.231280
1254.30 0.231353
1254.60 0.231437
1254.90 0.231510
1255.20 0.231489
1255.50 0.231479
1255.80 0.231604
1256.10 0.231761
1256.40 0.231813
1256.70 0.231876
1257.00 0.231981
1257.30 0.232023
1257.60 0.232012
1257.90 0.232054
1258.20 0.232138
1258.50 0.232232
1258.80 0.232315
1259.10 0.232389
1259.40 0.232493
1259.80 0.232577
1260.10 0.232650
1260.40 0.232671
1260.70 0.232723
1261.00 0.232807
1261.30 0.232828
1261.60 0.232859
1261.90 0.232995
1262.20 0.233131
1262.50 0.233121
1262.80 0.233194
1263.10 0.233372
1263.40 0.233497
1263.70 0.233529
1264.10 0.233518
1264.40 0.233560
1264.70 0.233602
1265.00 0.233654
1265.30 0.233811
1265.60 0.233916
1265.90 0.233895
1266.20 0.233895
1266.50 0.233978
1266.80 0.234104
1267.10 0.234188
1267.40 0.234240
1267.80 0.234344
1268.10 0.234418
1268.40 0.234428
1268.70 0.234449
1269.00 0.234533
1269.30 0.234658
1269.60 0.234752
1269.90 0.234773
1270.20 0.234773
1270.60 0.234857
1270.90 0.234961
1271.20 0.235077
1271.50 0.235181
1271.80 0.235212
1272.10 0.235296
1272.40 0.235348
1272.70 0.235369
1273.10 0.235422
1273.40 0.235432
1273.70 0.235526
1274.00 0.235641
1274.30 0.235694
1274.60 0.235746
1274.90 0.235830
1275.20 0.235903
1275.60 0.235976
1275.90 0.236091
1276.20 0.236143
1276.50 0.236216
1276.80 0.236269
1277.10 0.236321
1277.40 0.236363
1277.80 0.236415
1278.10 0.236499
1278.40 0.236656
1278.70 0.236708
1279.00 0.236739
1279.30 0.236802
1279.70 0.236917
1280.00 0.237032
1280.30 0.237074
1280.60 0.237064
1280.90 0.237158
1281.20 0.237273
1281.60 0.237325
1281.90 0.237336
1282.20 0.237430
1282.50 0.237534
1282.80 0.237618
1283.10 0.237681
1283.40 0.237712
1283.80 0.237806
1284.10 0.237921
1284.40 0.237984
1284.70 0.238005
1285.00 0.238089
1285.40 0.238120
1285.70 0.238172
1286.00 0.238256
1286.30 0.238298
1286.60 0.238371
1286.90 0.238517
1287.30 0.238559
1287.60 0.238570
1287.90 0.238695
1288.20 0.238789
1288.60 0.238904
1288.90 0.238967
1289.20 0.239040
1289.50 0.239114
1289.80 0.239114
1290.20 0.239208
1290.50 0.239354
1290.80 0.239406
1291.10 0.239406
1291.40 0.239448
1291.80 0.239532
1292.10 0.239647
1292.40 0.239699
1292.70 0.239720
1293.10 0.239856
1293.40 0.239950
1293.70 0.239971
1294.00 0.240044
1294.30 0.240138
1294.70 0.240233
1295.00 0.240253
1295.30 0.240274
1295.60 0.240327
1296.00 0.240452
1296.30 0.240620
1296.60 0.240672
1296.90 0.240724
1297.30 0.240735
1297.60 0.240797
1297.90 0.240902
1298.20 0.240944
1298.60 0.241006
1298.90 0.241153
1299.20 0.241247
1299.50 0.241320
1299.90 0.241362
1300.20 0.241477
1300.50 0.241613
1300.80 0.241592
1301.20 0.241634
1301.50 0.241770
1301.80 0.241854
1302.10 0.241885
1302.50 0.241969
1302.80 0.242011
1303.10 0.242084
1303.40 0.242230
1303.80 0.242293
1304.10 0.242324
1304.40 0.242397
1304.80 0.242481
1305.10 0.242533
1305.40 0.242586
1305.80 0.242659
1306.10 0.242764
1306.40 0.242826
1306.70 0.242920
1307.10 0.242962
1307.40 0.243015
1307.70 0.243119
1308.10 0.243150
1308.40 0.243224
1308.70 0.243297
1309.10 0.243328
1309.40 0.243443
1309.70 0.243569
1310.00 0.243632
1310.40 0.243621
1310.70 0.243673
1311.00 0.243809
1311.40 0.243914
1311.70 0.243977
1312.00 0.244060
1312.40 0.244144
1312.70 0.244134
1313.00 0.244155
1313.40 0.244280
1313.70 0.244416
1314.00 0.244447
1314.40 0.244406
1314.70 0.244458
1315.00 0.244562
1315.40 0.244740
1315.70 0.244866
1316.00 0.244866
1316.40 0.244866
1316.70 0.245012
1317.00 0.245159
1317.40 0.245200
1317.70 0.245253
1318.00 0.245284
1318.40 0.245389
1318.70 0.245525
1319.00 0.245598
1319.40 0.245598
1319.70 0.245650
1320.10 0.245692
1320.40 0.245776
1320.70 0.245901
1321.10 0.245985
1321.40 0.246058
1321.70 0.246131
1322.10 0.246267
1322.40 0.246351
1322.70 0.246382
1323.10 0.246372
1323.40 0.246466
1323.80 0.246570
1324.10 0.246665
1324.40 0.246780
1324.80 0.246895
1325.10 0.246957
1325.40 0.246999
1325.80 0.247062
1326.10 0.247104
1326.50 0.247146
1326.80 0.247261
1327.10 0.247407
1327.50 0.247470
1327.80 0.247543
1328.20 0.247595
1328.50 0.247689
1328.80 0.247815
1329.20 0.247867
1329.50 0.247941
1329.90 0.248003
1330.20 0.248035
1330.60 0.248087
1330.90 0.248171
1331.20 0.248296
1331.60 0.248401
1331.90 0.248505
1332.30 0.248537
1332.60 0.248537
1332.90 0.248558
1333.30 0.248704
1333.60 0.248829
1334.00 0.248882
1334.30 0.248945
1334.70 0.248976
1335.00 0.249018
1335.30 0.249080
1335.70 0.249216
1336.00 0.249331
1336.40 0.249415
1336.70 0.249488
1337.10 0.249582
1337.40 0.249677
1337.80 0.249760
1338.10 0.249792
1338.40 0.249833
1338.80 0.249886
1339.10 0.249938
1339.50 0.250022
1339.80 0.250095
1340.20 0.250168
1340.50 0.250231
1340.90 0.250336
1341.20 0.250440
1341.60 0.250513
1341.90 0.250555
1342.30 0.250670
1342.60 0.250754
1342.90 0.250869
1343.30 0.250973
1343.70 0.251026
1344.00 0.251068
1344.30 0.251120
1344.70 0.251193
1345.00 0.251308
1345.40 0.251371
1345.70 0.251465
1346.10 0.251517
1346.40 0.251559
1346.80 0.251664
1347.10 0.251726
1347.50 0.251758
1347.80 0.251852
1348.20 0.252009
1348.50 0.252072
1348.90 0.252145
1349.20 0.252218
1349.60 0.252239
1349.90 0.252291
1350.30 0.252396
1350.70 0.252500
1351.00 0.252542
1351.30 0.252595
1351.70 0.252710
1352.10 0.252772
1352.40 0.252814
1352.80 0.252877
1353.10 0.252971
1353.50 0.253055
1353.80 0.253170
1354.20 0.253285
1354.50 0.253358
1354.90 0.253400
1355.20 0.253484
1355.60 0.253504
1355.90 0.253567
1356.30 0.253672
1356.70 0.253755
1357.00 0.253839
1357.40 0.253912
1357.70 0.253975
1358.10 0.254048
1358.40 0.254111
1358.80 0.254184
1359.20 0.254247
1359.50 0.254299
1359.90 0.254383
1360.20 0.254467
1360.60 0.254550
1360.90 0.254624
1361.30 0.254697
1361.70 0.254739
1362.00 0.254791
1362.40 0.254875
1362.70 0.254958
1363.10 0.255042
1363.40 0.255157
1363.80 0.255251
1364.20 0.255303
1364.50 0.255377
1364.90 0.255439
1365.20 0.255523
1365.60 0.255596
1365.90 0.255617
1366.30 0.255701
1366.70 0.255795
1367.00 0.255868
1367.40 0.255941
1367.80 0.256004
1368.10 0.256067
1368.50 0.256119
1368.80 0.256182
1369.20 0.256276
1369.60 0.256328
1369.90 0.256370
1370.30 0.256475
1370.70 0.256569
1371.00 0.256642
1371.40 0.256757
1371.70 0.256788
1372.10 0.256768
1372.50 0.256820
1372.80 0.256893
1373.20 0.256966
1373.60 0.257039
1373.90 0.257154
1374.30 0.257238
1374.60 0.257311
1375.00 0.257374
1375.40 0.257458
1375.70 0.257552
1376.10 0.257541
1376.50 0.257541
1376.80 0.257646
1377.20 0.257803
1377.60 0.257876
1377.90 0.257907
1378.30 0.257939
1378.70 0.257991
1379.00 0.258075
1379.40 0.258158
1379.80 0.258274
1380.10 0.258399
1380.50 0.258514
1380.90 0.258535
1381.20 0.258545
1381.60 0.258608
1382.00 0.258640
1382.30 0.258702
1382.70 0.258734
1383.10 0.258765
1383.40 0.258849
1383.80 0.258912
1384.20 0.258974
1384.60 0.258995
1384.90 0.258974
1385.30 0.259006
1385.70 0.259110
1386.00 0.259183
1386.40 0.259194
1386.80 0.259152
1387.20 0.259173
1387.50 0.259246
1387.90 0.259257
1388.30 0.259257
1388.60 0.259246
1389.00 0.259225
1389.40 0.259246
1389.80 0.259246
1390.10 0.259204
1390.50 0.259152
1390.90 0.259142
1391.20 0.259100
1391.60 0.259047
1392.00 0.259006
1392.40 0.258943
1392.70 0.258849
1393.10 0.258796
1393.50 0.258755
1393.90 0.258671
1394.20 0.258629
1394.60 0.258629
1395.00 0.258577
1395.40 0.258493
1395.70 0.258451
1396.10 0.258441
1396.50 0.258409
1396.90 0.258368
1397.20 0.258357
1397.60 0.258336
1398.00 0.258242
1398.40 0.258138
1398.80 0.258033
1399.10 0.257897
1399.50 0.257740
1399.90 0.257541
1400.30 0.257395
1400.60 0.257290
1401.00 0.257217
1401.40 0.257123
1401.80 0.256998
1402.20 0.256935
1402.50 0.256862
1402.90 0.256799
1403.30 0.256809
1403.70 0.256820
1404.10 0.256883
1404.40 0.256998
1404.80 0.257144
1405.20 0.257270
1405.60 0.257426
1406.00 0.257594
1406.30 0.257730
1406.70 0.257845
1407.10 0.257991
1407.50 0.258117
1407.90 0.258158
1408.30 0.258190
1408.60 0.258211
1409.00 0.258253
1409.40 0.258263
1409.80 0.258200
1410.20 0.258106
1410.60 0.258064
1410.90 0.258054
1411.30 0.258023
1411.70 0.258033
1412.10 0.258096
1412.50 0.258179
1412.80 0.258357
1413.20 0.258629
1413.60 0.258870
1414.00 0.259163
1414.40 0.259508
1414.80 0.259821
1415.20 0.260083
1415.60 0.260376
1415.90 0.260700
1416.30 0.261014
1416.70 0.261327
1417.10 0.261610
1417.50 0.261840
1417.90 0.262039
1418.30 0.262248
1418.70 0.262415
1419.00 0.262541
1419.40 0.262687
1419.80 0.262875
1420.20 0.262990
1420.60 0.263147
1421.00 0.263325
1421.40 0.263492
1421.80 0.263649
1422.20 0.263743
1422.50 0.263858
1422.90 0.264005
1423.30 0.264120
1423.70 0.264245
1424.10 0.264339
1424.50 0.264413
1424.90 0.264517
1425.30 0.264674
1425.70 0.264789
1426.10 0.264883
1426.50 0.264988
1426.80 0.265103
1427.20 0.265176
1427.60 0.265208
1428.00 0.265302
1428.40 0.265364
1428.80 0.265417
1429.20 0.265500
1429.60 0.265615
1430.00 0.265689
1430.40 0.265762
1430.80 0.265814
1431.20 0.265887
1431.60 0.265971
1432.00 0.266044
1432.40 0.266149
1432.80 0.266201
1433.20 0.266243
1433.60 0.266274
1433.90 0.266348
1434.30 0.266452
1434.80 0.266525
1435.10 0.266599
1435.50 0.266661
1435.90 0.266755
1436.30 0.266850
1436.70 0.266891
1437.10 0.266954
1437.50 0.267017
1437.90 0.267111
1438.30 0.267153
1438.70 0.267257
1439.10 0.267372
1439.50 0.267425
1439.90 0.267508
1440.30 0.267550
1440.70 0.267613
1441.10 0.267665
1441.50 0.267770
1441.90 0.267895
1442.30 0.267979
1442.70 0.268052
1443.10 0.268157
1443.50 0.268199
1443.90 0.268220
1444.30 0.268356
1444.70 0.268450
1445.10 0.268492
1445.60 0.268627
1445.90 0.268795
1446.30 0.268837
1446.80 0.268868
1447.20 0.268952
1447.60 0.269025
1448.00 0.269109
1448.40 0.269265
1448.80 0.269360
1449.20 0.269433
1449.60 0.269506
1450.00 0.269579
1450.40 0.269642
1450.80 0.269726
1451.20 0.269788
1451.60 0.269883
1452.00 0.269998
1452.40 0.270113
1452.80 0.270186
1453.20 0.270249
1453.70 0.270364
1454.10 0.270458
1454.50 0.270583
1454.90 0.270698
1455.30 0.270719
1455.70 0.270803
1456.10 0.270928
1456.50 0.271022
1456.90 0.271106
1457.30 0.271232
1457.70 0.271336
1458.20 0.271399
1458.60 0.271451
1459.00 0.271556
1459.40 0.271660
1459.80 0.271796
1460.20 0.271880
1460.60 0.271880
1461.00 0.271922
1461.40 0.272016
1461.80 0.272079
1462.30 0.272257
1462.70 0.272340
1463.10 0.272393
1463.50 0.272518
1463.90 0.272633
1464.30 0.272717
1464.70 0.272800
1465.20 0.272895
1465.60 0.272978
1466.00 0.273020
1466.40 0.273093
1466.80 0.273208
1467.20 0.273313
1467.60 0.273386
1468.10 0.273480
1468.50 0.273574
1468.90 0.273637
1469.30 0.273689
1469.70 0.273794
1470.10 0.273888
1470.60 0.273982
1471.00 0.274108
1471.40 0.274233
1471.80 0.274286
1472.20 0.274296
1472.60 0.274348
1473.10 0.274432
1473.50 0.274578
1473.90 0.274683
1474.30 0.274746
1474.70 0.274850
1475.20 0.274976
1475.60 0.275039
1476.00 0.275112
1476.40 0.275185
1476.80 0.275248
1477.30 0.275342
1477.70 0.275394
1478.10 0.275457
1478.50 0.275572
1478.90 0.275697
1479.40 0.275781
1479.80 0.275844
1480.20 0.275938
1480.60 0.276105
1481.10 0.276179
1481.50 0.276199
1481.90 0.276283
1482.30 0.276398
1482.80 0.276482
1483.20 0.276545
1483.60 0.276597
1484.00 0.276722
1484.40 0.276837
1484.90 0.276932
1485.30 0.277015
1485.70 0.277099
1486.20 0.277141
1486.60 0.277214
1487.00 0.277319
1487.40 0.277392
1487.90 0.277444
1488.30 0.277559
1488.70 0.277653
1489.10 0.277747
1489.60 0.277862
1490.00 0.277894
1490.40 0.277988
1490.80 0.278103
1491.30 0.278155
1491.70 0.278228
1492.10 0.278354
1492.60 0.278448
1493.00 0.278521
1493.40 0.278626
1493.90 0.278699
1494.30 0.278762
1494.70 0.278835
1495.20 0.278887
1495.60 0.278981
1496.00 0.279055
1496.40 0.279128
1496.90 0.279243
1497.30 0.279347
1497.70 0.279421
1498.20 0.279463
1498.60 0.279515
1499.00 0.279609
1499.50 0.279724
1499.90 0.279797
1500.30 0.279881
1500.80 0.279933
1501.20 0.280017
1501.70 0.280080
1502.10 0.280153
1502.50 0.280257
1502.90 0.280310
1503.40 0.280383
1503.80 0.280477
1504.30 0.280540
1504.70 0.280592
1505.10 0.280644
1505.60 0.280738
1506.00 0.280833
1506.40 0.280937
1506.90 0.281031
1507.30 0.281125
1507.80 0.281188
1508.20 0.281240
1508.60 0.281314
1509.10 0.281408
1509.50 0.281481
1510.00 0.281544
1510.40 0.281627
1510.80 0.281711
1511.30 0.281784
1511.70 0.281858
1512.20 0.281952
1512.60 0.282025
1513.00 0.282098
1513.50 0.282161
1513.90 0.282213
1514.40 0.282307
1514.80 0.282370
1515.30 0.282433
1515.70 0.282516
1516.10 0.282611
1516.60 0.282715
1517.00 0.282757
1517.50 0.282830
1517.90 0.282935
1518.40 0.283018
1518.80 0.283060
1519.30 0.283092
1519.70 0.283175
1520.10 0.283228
1520.60 0.283311
1521.00 0.283437
1521.50 0.283510
1521.90 0.283562
1522.40 0.283667
1522.80 0.283719
1523.30 0.283782
1523.70 0.283866
1524.20 0.283949
1524.60 0.284012
1525.10 0.284054
1525.50 0.284148
1525.90 0.284242
1526.40 0.284263
1526.80 0.284305
1527.30 0.284399
1527.80 0.284504
1528.20 0.284608
1528.70 0.284702
1529.10 0.284744
1529.60 0.284796
1530.00 0.284859
1530.50 0.284964
1530.90 0.285047
1531.40 0.285100
1531.80 0.285162
1532.30 0.285236
1532.70 0.285288
1533.20 0.285403
1533.60 0.285487
1534.10 0.285549
1534.50 0.285644
1535.00 0.285675
1535.40 0.285727
1535.90 0.285832
1536.30 0.285926
1536.80 0.285978
1537.30 0.286041
1537.70 0.286125
1538.20 0.286208
1538.60 0.286261
1539.10 0.286313
1539.60 0.286376
1540.00 0.286512
1540.50 0.286606
1540.90 0.286637
1541.40 0.286679
1541.80 0.286742
1542.30 0.286857
1542.80 0.286972
1543.20 0.287024
1543.70 0.287097
1544.10 0.287181
1544.60 0.287244
1545.10 0.287306
1545.50 0.287348
1546.00 0.287411
1546.40 0.287526
1546.90 0.287620
1547.40 0.287714
1547.80 0.287808
1548.30 0.287850
1548.80 0.287934
1549.20 0.288028
1549.70 0.288112
1550.10 0.288195
1550.60 0.288290
1551.10 0.288373
1551.50 0.288467
1552.00 0.288520
1552.40 0.288614
1552.90 0.288687
1553.40 0.288718
1553.80 0.288760
1554.30 0.288875
1554.80 0.289011
1555.30 0.289063
1555.70 0.289095
1556.20 0.289231
1556.70 0.289335
1557.10 0.289377
1557.60 0.289450
1558.10 0.289534
1558.50 0.289618
1559.00 0.289691
1559.50 0.289754
1559.90 0.289816
1560.40 0.289900
1560.90 0.290026
1561.30 0.290151
1561.80 0.290277
1562.30 0.290350
1562.80 0.290381
1563.20 0.290454
1563.70 0.290559
1564.20 0.290643
1564.60 0.290747
1565.10 0.290821
1565.60 0.290862
1566.10 0.290956
1566.50 0.291061
1567.00 0.291145
1567.50 0.291239
1567.90 0.291302
1568.40 0.291354
1568.90 0.291448
1569.40 0.291584
1569.80 0.291647
1570.30 0.291709
1570.80 0.291825
1571.30 0.291898
1571.80 0.291981
1572.20 0.292096
1572.70 0.292170
1573.20 0.292264
1573.70 0.292347
1574.10 0.292421
1574.60 0.292462
1575.10 0.292536
1575.60 0.292672
1576.10 0.292766
1576.50 0.292839
1577.00 0.292923
1577.50 0.292996
1578.00 0.293100
1578.40 0.293163
1578.90 0.293236
1579.40 0.293341
1579.90 0.293404
1580.40 0.293477
1580.90 0.293571
1581.30 0.293644
1581.80 0.293738
1582.30 0.293843
1582.80 0.293927
1583.30 0.293979
1583.80 0.294063
1584.20 0.294188
1584.70 0.294272
1585.20 0.294366
1585.70 0.294471
1586.20 0.294565
1586.70 0.294617
1587.20 0.294690
1587.60 0.294784
1588.10 0.294847
1588.60 0.294920
1589.10 0.295046
1589.60 0.295161
1590.10 0.295234
1590.60 0.295349
1591.00 0.295464
1591.50 0.295558
1592.00 0.295590
1592.50 0.295621
1593.00 0.295705
1593.50 0.295830
1594.00 0.295924
1594.50 0.295997
1595.00 0.296092
1595.40 0.296154
1595.90 0.296238
1596.40 0.296364
1596.90 0.296458
1597.40 0.296573
1597.90 0.296635
1598.40 0.296698
1598.90 0.296792
1599.40 0.296876
1599.90 0.296981
1600.40 0.297064
1600.90 0.297137
1601.40 0.297221
1601.90 0.297336
1602.30 0.297409
1602.80 0.297441
1603.30 0.297535
1603.80 0.297650
1604.30 0.297775
1604.80 0.297870
1605.30 0.297943
1605.80 0.298026
1606.30 0.298131
1606.80 0.298236
1607.30 0.298330
1607.80 0.298403
1608.30 0.298497
1608.80 0.298570
1609.30 0.298633
1609.80 0.298706
1610.30 0.298800
1610.80 0.298884
1611.30 0.298957
1611.80 0.299051
1612.30 0.299156
1612.80 0.299240
1613.30 0.299344
1613.80 0.299428
1614.30 0.299501
1614.80 0.299595
1615.30 0.299689
1615.80 0.299752
1616.30 0.299846
1616.80 0.300003
1617.30 0.300118
1617.80 0.300170
1618.40 0.300223
1618.90 0.300285
1619.40 0.300380
1619.90 0.300495
1620.40 0.300589
1620.90 0.300672
1621.40 0.300746
1621.90 0.300861
1622.40 0.300944
1622.90 0.301007
1623.40 0.301049
1623.90 0.301133
1624.40 0.301227
1624.90 0.301289
1625.50 0.301363
1626.00 0.301478
1626.50 0.301593
1627.00 0.301687
1627.50 0.301812
1628.00 0.301917
1628.50 0.301990
1629.00 0.302043
1629.60 0.302105
1630.10 0.302178
1630.60 0.302262
1631.10 0.302367
1631.60 0.302482
1632.10 0.302534
1632.60 0.302576
1633.10 0.302649
1633.70 0.302764
1634.20 0.302900
1634.70 0.302973
1635.20 0.303005
1635.70 0.303078
1636.20 0.303151
1636.80 0.303256
1637.30 0.303381
1637.80 0.303496
1638.30 0.303569
1638.80 0.303622
1639.30 0.303684
1639.80 0.303768
1640.40 0.303883
1640.90 0.303967
1641.40 0.304051
1641.90 0.304155
1642.40 0.304249
1643.00 0.304302
1643.50 0.304364
1644.00 0.304500
1644.50 0.304615
1645.10 0.304657
1645.60 0.304699
1646.10 0.304772
1646.60 0.304887
1647.20 0.305002
1647.70 0.305096
1648.20 0.305180
1648.70 0.305306
1649.20 0.305421
1649.80 0.305494
1650.30 0.305536
1650.80 0.305588
1651.30 0.305703
1651.90 0.305755
1652.40 0.305808
1652.90 0.305944
1653.40 0.306027
1654.00 0.306090
1654.50 0.306184
1655.00 0.306268
1655.60 0.306341
1656.10 0.306393
1656.60 0.306498
1657.20 0.306592
1657.70 0.306717
1658.20 0.306801
1658.70 0.306874
1659.30 0.306958
1659.80 0.307000
1660.30 0.307073
1660.90 0.307167
1661.40 0.307282
1661.90 0.307376
1662.50 0.307439
1663.00 0.307523
1663.50 0.307638
1664.10 0.307701
1664.60 0.307763
1665.10 0.307857
1665.70 0.307920
1666.20 0.307952
1666.70 0.308046
1667.30 0.308171
1667.80 0.308265
1668.30 0.308370
1668.90 0.308464
1669.40 0.308527
1670.00 0.308579
1670.50 0.308663
1671.00 0.308736
1671.60 0.308809
1672.10 0.308924
1672.70 0.309018
1673.20 0.309060
1673.70 0.309154
1674.30 0.309248
1674.80 0.309311
1675.40 0.309374
1675.90 0.309468
1676.40 0.309541
1677.00 0.309635
1677.50 0.309750
1678.10 0.309855
1678.60 0.309918
1679.20 0.309981
1679.70 0.310054
1680.20 0.310137
1680.80 0.310221
1681.30 0.310305
1681.90 0.310378
1682.40 0.310441
1683.00 0.310535
1683.50 0.310608
1684.10 0.310681
1684.60 0.310817
1685.20 0.310901
1685.70 0.310974
1686.30 0.311079
1686.80 0.311173
1687.30 0.311236
1687.90 0.311298
1688.40 0.311372
1689.00 0.311476
1689.60 0.311528
1690.10 0.311591
1690.70 0.311654
1691.20 0.311738
1691.80 0.311821
1692.30 0.311915
1692.90 0.312009
1693.40 0.312135
1694.00 0.312208
1694.50 0.312260
1695.10 0.312376
1695.60 0.312417
1696.20 0.312501
1696.70 0.312585
1697.30 0.312679
1697.80 0.312763
1698.40 0.312836
1699.00 0.312909
1699.50 0.313003
1700.10 0.313129
1700.60 0.313202
1701.20 0.313233
1701.80 0.313275
1702.30 0.313359
1702.90 0.313453
1703.40 0.313505
1704.00 0.313578
1704.60 0.313683
1705.10 0.313798
1705.70 0.313871
1706.20 0.313934
1706.80 0.314038
1707.40 0.314101
1707.90 0.314164
1708.50 0.314227
1709.00 0.314310
1709.60 0.314404
1710.20 0.314499
1710.70 0.314561
1711.30 0.314656
1711.90 0.314760
1712.40 0.314823
1713.00 0.314886
1713.60 0.314927
1714.10 0.314980
1714.70 0.315063
1715.30 0.315158
1715.80 0.315241
1716.40 0.315346
1717.00 0.315429
1717.50 0.315482
1718.10 0.315565
1718.70 0.315670
1719.20 0.315743
1719.80 0.315775
1720.40 0.315837
1721.00 0.315931
1721.50 0.316057
1722.10 0.316162
1722.70 0.316214
1723.20 0.316256
1723.80 0.316329
1724.40 0.316392
1725.00 0.316475
1725.50 0.316559
1726.10 0.316643
1726.70 0.316705
1727.30 0.316768
1727.80 0.316841
1728.40 0.316925
1729.00 0.317019
1729.60 0.317124
1730.10 0.317207
1730.70 0.317291
1731.30 0.317343
1731.90 0.317396
1732.50 0.317448
1733.00 0.317532
1733.60 0.317584
1734.20 0.317657
1734.80 0.317772
1735.40 0.317845
1735.90 0.317929
1736.50 0.317992
1737.10 0.318055
1737.70 0.318170
1738.30 0.318232
1738.80 0.318285
1739.40 0.318347
1740.00 0.318441
1740.60 0.318504
1741.20 0.318546
1741.80 0.318630
1742.30 0.318724
1742.90 0.318818
1743.50 0.318912
1744.10 0.318954
1744.70 0.319017
1745.30 0.319079
1745.90 0.319174
1746.50 0.319289
1747.10 0.319362
1747.60 0.319372
1748.20 0.319393
1748.80 0.319519
1749.40 0.319623
1750.00 0.319717
1750.60 0.319843
1751.20 0.319885
1751.80 0.319906
1752.40 0.320000
1753.00 0.320094
1753.60 0.320157
1754.10 0.320219
1754.70 0.320314
1755.30 0.320387
1755.90 0.320418
1756.50 0.320481
1757.10 0.320554
1757.70 0.320648
1758.30 0.320753
1758.90 0.320816
1759.50 0.320868
1760.10 0.320962
1760.70 0.321067
1761.30 0.321150
1761.90 0.321192
1762.50 0.321244
1763.10 0.321349
1763.70 0.321443
1764.30 0.321485
1764.90 0.321537
1765.50 0.321579
1766.10 0.321663
1766.70 0.321725
1767.30 0.321820
1767.90 0.321914
1768.50 0.321956
1769.10 0.321997
1769.70 0.322060
1770.30 0.322144
1770.90 0.322217
1771.50 0.322280
1772.10 0.322384
1772.70 0.322458
1773.30 0.322541
1773.90 0.322604
1774.60 0.322656
1775.20 0.322719
1775.80 0.322782
1776.40 0.322865
1777.00 0.322970
1777.60 0.323064
1778.20 0.323116
1778.80 0.323158
1779.40 0.323200
1780.00 0.323284
1780.70 0.323409
1781.30 0.323462
1781.90 0.323524
1782.50 0.323577
1783.10 0.323618
1783.70 0.323702
1784.30 0.323828
1784.90 0.323911
1785.60 0.323943
1786.20 0.323995
1786.80 0.324089
1787.40 0.324131
1788.00 0.324162
1788.60 0.324246
1789.30 0.324319
1789.90 0.324382
1790.50 0.324434
1791.10 0.324518
1791.70 0.324570
1792.30 0.324612
1793.00 0.324685
1793.60 0.324769
1794.20 0.324821
1794.80 0.324884
1795.40 0.324947
1796.10 0.325020
1796.70 0.325083
1797.30 0.325145
1797.90 0.325187
1798.60 0.325240
1799.20 0.325334
1799.80 0.325428
1800.40 0.325459
1801.10 0.325501
1801.70 0.325564
1802.30 0.325627
1802.90 0.325689
1803.60 0.325710
1804.20 0.325762
1804.80 0.325825
1805.40 0.325930
1806.10 0.326013
1806.70 0.326034
1807.30 0.326034
1808.00 0.326076
1808.60 0.326139
1809.20 0.326212
1809.90 0.326306
1810.50 0.326390
1811.10 0.326432
1811.80 0.326474
1812.40 0.326547
1813.00 0.326610
1813.70 0.326662
1814.30 0.326735
1814.90 0.326746
1815.60 0.326735
1816.20 0.326819
1816.80 0.326923
1817.50 0.326955
1818.10 0.327007
1818.80 0.327080
1819.40 0.327164
1820.00 0.327195
1820.70 0.327185
1821.30 0.327237
1821.90 0.327321
1822.60 0.327394
1823.20 0.327467
1823.90 0.327499
1824.50 0.327551
1825.20 0.327582
1825.80 0.327635
1826.40 0.327655
1827.10 0.327729
1827.70 0.327812
1828.40 0.327875
1829.00 0.327886
1829.70 0.327917
1830.30 0.327969
1831.00 0.328022
1831.60 0.328095
1832.30 0.328157
1832.90 0.328231
1833.60 0.328293
1834.20 0.328335
1834.80 0.328398
1835.50 0.328461
1836.10 0.328503
1836.80 0.328565
1837.40 0.328628
1838.10 0.328691
1838.80 0.328764
1839.40 0.328858
1840.10 0.328869
1840.70 0.328900
1841.40 0.328973
1842.00 0.329015
1842.70 0.329078
1843.30 0.329141
1844.00 0.329203
1844.60 0.329203
1845.30 0.329245
1845.90 0.329318
1846.60 0.329360
1847.30 0.329402
1847.90 0.329454
1848.60 0.329465
1849.20 0.329517
1849.90 0.329590
1850.60 0.329653
1851.20 0.329747
1851.90 0.329810
1852.60 0.329862
1853.20 0.329873
1853.90 0.329831
1854.50 0.329883
1855.20 0.329946
1855.90 0.329977
1856.50 0.330019
1857.20 0.330082
1857.90 0.330103
1858.50 0.330134
1859.20 0.330176
1859.90 0.330176
1860.50 0.330218
1861.20 0.330249
1861.90 0.330281
1862.50 0.330322
1863.20 0.330343
1863.90 0.330343
1864.50 0.330343
1865.20 0.330385
1865.90 0.330458
1866.60 0.330479
1867.20 0.330427
1867.90 0.330417
1868.60 0.330437
1869.20 0.330427
1869.90 0.330417
1870.60 0.330437
1871.30 0.330458
1871.90 0.330490
1872.60 0.330490
1873.30 0.330511
1874.00 0.330511
1874.70 0.330490
1875.30 0.330490
1876.00 0.330490
1876.70 0.330458
1877.40 0.330458
1878.00 0.330448
1878.70 0.330406
1879.40 0.330375
1880.10 0.330354
1880.80 0.330291
1881.40 0.330228
1882.10 0.330228
1882.80 0.330186
1883.50 0.330124
1884.20 0.330124
1884.90 0.330082
1885.60 0.330009
1886.20 0.329925
1886.90 0.329883
1887.60 0.329852
1888.30 0.329758
1889.00 0.329674
1889.70 0.329601
1890.40 0.329507
1891.10 0.329392
1891.80 0.329277
1892.40 0.329172
1893.10 0.329036
1893.80 0.328900
1894.50 0.328764
1895.20 0.328607
1895.90 0.328450
1896.60 0.328293
1897.30 0.328157
1898.00 0.328022
1898.70 0.327886
1899.40 0.327739
1900.10 0.327582
1900.80 0.327436
1901.50 0.327300
1902.20 0.327206
1902.90 0.327059
1903.60 0.326923
1904.30 0.326808
1905.00 0.326725
1905.70 0.326662
1906.40 0.326568
1907.10 0.326515
1907.80 0.326526
1908.50 0.326526
1909.20 0.326515
1909.90 0.326484
1910.60 0.326515
1911.30 0.326568
1912.00 0.326620
1912.70 0.326651
1913.40 0.326683
1914.10 0.326735
1914.80 0.326819
1915.50 0.326882
1916.20 0.326955
1916.90 0.327038
1917.60 0.327143
1918.30 0.327237
1919.10 0.327342
1919.80 0.327404
1920.50 0.327520
1921.20 0.327635
1921.90 0.327750
1922.60 0.327865
1923.30 0.327959
1924.00 0.328032
1924.80 0.328126
1925.50 0.328273
1926.20 0.328398
1926.90 0.328450
1927.60 0.328534
1928.30 0.328680
1929.10 0.328764
1929.80 0.328848
1930.50 0.328952
1931.20 0.329026
1931.90 0.329141
1932.70 0.329235
1933.40 0.329318
1934.10 0.329371
1934.80 0.329465
1935.50 0.329548
1936.30 0.329611
1937.00 0.329684
1937.70 0.329779
1938.40 0.329873
1939.20 0.329967
1939.90 0.330019
1940.60 0.330082
1941.30 0.330155
1942.10 0.330239
1942.80 0.330312
1943.50 0.330385
1944.20 0.330437
1945.00 0.330532
1945.70 0.330605
1946.40 0.330657
1947.20 0.330699
1947.90 0.330741
1948.60 0.330814
1949.40 0.330898
1950.10 0.330960
1950.80 0.331034
1951.60 0.331117
1952.30 0.331190
1953.00 0.331232
1953.80 0.331316
1954.50 0.331400
1955.20 0.331441
1956.00 0.331494
1956.70 0.331567
1957.50 0.331609
1958.20 0.331682
1958.90 0.331797
1959.70 0.331839
1960.40 0.331891
1961.20 0.331923
1961.90 0.331954
1962.60 0.332027
1963.40 0.332100
1964.10 0.332194
1964.90 0.332268
1965.60 0.332299
1966.40 0.332320
1967.10 0.332372
1967.90 0.332445
1968.60 0.332519
1969.30 0.332571
1970.10 0.332592
1970.80 0.332623
1971.60 0.332665
1972.30 0.332686
1973.10 0.332728
1973.80 0.332791
1974.60 0.332832
1975.30 0.332874
1976.10 0.332927
1976.90 0.332958
1977.60 0.332979
1978.40 0.333010
1979.10 0.333052
1979.90 0.333052
1980.60 0.333042
1981.40 0.333073
1982.20 0.333115
1982.90 0.333136
1983.70 0.333136
1984.40 0.333157
1985.20 0.333178
1985.90 0.333230
1986.70 0.333261
1987.50 0.333251
1988.20 0.333230
1989.00 0.333261
1989.80 0.333345
1990.50 0.333387
1991.30 0.333387
1992.10 0.333366
1992.80 0.333355
1993.60 0.333376
1994.30 0.333449
1995.10 0.333502
1995.90 0.333523
1996.70 0.333523
1997.40 0.333554
1998.20 0.333585
1999.00 0.333638
1999.70 0.333700
2000.50 0.333774
2001.30 0.333826
2002.10 0.333889
2002.80 0.333910
2003.60 0.333972
2004.40 0.334025
2005.20 0.334067
2005.90 0.334140
2006.70 0.334255
2007.50 0.334359
2008.30 0.334412
2009.00 0.334464
2009.80 0.334558
2010.60 0.334642
2011.40 0.334715
2012.20 0.334799
2012.90 0.334914
2013.70 0.335029
2014.50 0.335123
2015.30 0.335196
2016.10 0.335301
2016.80 0.335416
2017.60 0.335531
2018.40 0.335667
2019.20 0.335750
2020.00 0.335824
2020.80 0.335928
2021.60 0.336043
2022.30 0.336158
2023.10 0.336273
2023.90 0.336388
2024.70 0.336514
2025.50 0.336692
2026.30 0.336817
2027.10 0.336943
2027.90 0.337068
2028.70 0.337194
2029.50 0.337319
2030.30 0.337424
2031.10 0.337539
2031.90 0.337706
2032.70 0.337873
2033.50 0.338020
2034.30 0.338114
2035.10 0.338208
2035.80 0.338323
2036.70 0.338480
2037.40 0.338616
2038.30 0.338731
2039.10 0.338815
2039.90 0.338909
2040.70 0.339066
2041.50 0.339212
2042.30 0.339348
2043.10 0.339495
2043.90 0.339620
2044.70 0.339735
2045.50 0.339861
2046.30 0.340017
2047.10 0.340101
2047.90 0.340216
2048.70 0.340342
2049.50 0.340436
2050.40 0.340540
2051.20 0.340676
2052.00 0.340802
2052.80 0.340886
2053.60 0.340948
2054.40 0.341063
2055.20 0.341178
2056.00 0.341283
2056.90 0.341356
2057.70 0.341429
2058.50 0.341534
2059.30 0.341649
2060.10 0.341743
2060.90 0.341827
2061.80 0.341921
2062.60 0.342015
2063.40 0.342099
2064.20 0.342172
2065.10 0.342266
2065.90 0.342350
2066.70 0.342402
2067.50 0.342454
2068.30 0.342548
2069.20 0.342643
2070.00 0.342726
2070.80 0.342789
2071.60 0.342852
2072.50 0.342925
2073.30 0.342977
2074.10 0.343050
2075.00 0.343113
2075.80 0.343197
2076.60 0.343270
2077.50 0.343343
2078.30 0.343416
2079.10 0.343479
2080.00 0.343542
2080.80 0.343626
2081.60 0.343678
2082.50 0.343709
2083.30 0.343741
2084.10 0.343803
2085.00 0.343845
2085.80 0.343908
2086.60 0.343960
2087.50 0.344013
2088.30 0.344044
2089.20 0.344138
2090.00 0.344211
2090.90 0.344243
2091.70 0.344243
2092.60 0.344285
2093.40 0.344368
2094.20 0.344452
2095.10 0.344494
2095.90 0.344494
2096.80 0.344515
2097.60 0.344525
2098.50 0.344556
2099.30 0.344609
2100.20 0.344640
2101.00 0.344651
2101.90 0.344672
2102.70 0.344703
2103.60 0.344703
2104.40 0.344724
2105.30 0.344724
2106.10 0.344755
2107.00 0.344745
2107.90 0.344734
2108.70 0.344766
2109.60 0.344807
2110.40 0.344807
2111.30 0.344818
2112.10 0.344849
2113.00 0.344828
2113.90 0.344787
2114.70 0.344776
2115.60 0.344766
2116.50 0.344787
2117.30 0.344787
2118.20 0.344807
2119.10 0.344807
2119.90 0.344797
2120.80 0.344797
2121.70 0.344839
2122.50 0.344839
2123.40 0.344807
2124.30 0.344818
2125.10 0.344860
2126.00 0.344849
2126.90 0.344860
2127.80 0.344902
2128.60 0.344943
2129.50 0.344954
2130.40 0.345006
2131.30 0.345027
2132.10 0.345017
2133.00 0.345027
2133.90 0.345058
2134.80 0.345079
2135.60 0.345142
2136.50 0.345215
2137.40 0.345226
2138.30 0.345194
2139.20 0.345205
2140.10 0.345215
2140.90 0.345205
2141.80 0.345184
2142.70 0.345215
2143.60 0.345236
2144.50 0.345236
2145.40 0.345268
2146.30 0.345309
2147.10 0.345320
2148.00 0.345330
2148.90 0.345351
2149.80 0.345341
2150.70 0.345309
2151.60 0.345320
2152.50 0.345320
2153.40 0.345309
2154.30 0.345309
2155.20 0.345299
2156.10 0.345268
2157.00 0.345278
2157.90 0.345278
2158.80 0.345247
2159.70 0.345215
2160.60 0.345205
2161.50 0.345184
2162.40 0.345132
2163.30 0.345090
2164.20 0.345048
2165.10 0.345006
2166.00 0.344964
2166.90 0.344891
2167.80 0.344828
2168.70 0.344766
2169.60 0.344703
2170.50 0.344630
2171.40 0.344546
2172.30 0.344431
2173.20 0.344347
2174.10 0.344285
2175.10 0.344180
2176.00 0.344075
2176.90 0.344013
2177.80 0.343929
2178.70 0.343824
2179.60 0.343699
2180.60 0.343605
2181.50 0.343469
2182.40 0.343343
2183.30 0.343260
2184.20 0.343145
2185.10 0.343061
2186.10 0.342977
2187.00 0.342873
2187.90 0.342768
2188.80 0.342663
2189.80 0.342548
2190.70 0.342444
2191.60 0.342350
2192.50 0.342235
2193.50 0.342161
2194.40 0.342057
2195.30 0.341931
2196.30 0.341806
2197.20 0.341691
2198.10 0.341618
2199.10 0.341513
2200.00 0.341419
2200.90 0.341304
2201.90 0.341220
2202.80 0.341157
2203.70 0.341042
2204.70 0.340927
2205.60 0.340823
2206.50 0.340729
2207.50 0.340655
2208.40 0.340561
2209.40 0.340457
2210.30 0.340384
2211.20 0.340258
2212.20 0.340174
2213.10 0.340101
2214.10 0.339997
2215.00 0.339861
2216.00 0.339735
2216.90 0.339589
2217.90 0.339453
2218.80 0.339275
2219.80 0.339087
2220.70 0.338909
2221.70 0.338710
2222.60 0.338501
2223.60 0.338250
2224.50 0.338009
2225.50 0.337748
2226.40 0.337434
2227.40 0.337120
2228.40 0.336807
2229.30 0.336441
2230.30 0.336043
2231.20 0.335614
2232.20 0.335123
2233.10 0.334663
2234.10 0.334182
2235.10 0.333680
2236.00 0.333104
2237.00 0.332487
2238.00 0.331860
2238.90 0.331180
2239.90 0.330469
2240.90 0.329737
2241.80 0.328994
2242.80 0.328241
2243.80 0.327478
2244.80 0.326725
2245.70 0.325930
2246.70 0.325166
2247.70 0.324413
2248.60 0.323723
2249.60 0.323064
2250.60 0.322478
2251.60 0.321935
2252.60 0.321464
2253.50 0.321077
2254.50 0.320763
2255.50 0.320502
2256.50 0.320293
2257.50 0.320157
2258.40 0.320115
2259.40 0.320125
2260.40 0.320199
2261.40 0.320293
2262.40 0.320450
2263.40 0.320627
2264.40 0.320784
2265.40 0.320962
2266.30 0.321192
2267.30 0.321391
2268.30 0.321579
2269.30 0.321778
2270.30 0.321966
2271.30 0.322102
2272.30 0.322280
2273.30 0.322395
2274.30 0.322499
2275.30 0.322594
2276.30 0.322635
2277.30 0.322667
2278.30 0.322729
2279.30 0.322719
2280.30 0.322698
2281.30 0.322667
2282.30 0.322635
2283.30 0.322531
2284.30 0.322416
2285.30 0.322322
2286.30 0.322217
2287.30 0.322060
2288.30 0.321903
2289.40 0.321767
2290.40 0.321631
2291.40 0.321412
2292.40 0.321223
2293.40 0.321035
2294.40 0.320878
2295.40 0.320669
2296.40 0.320429
2297.50 0.320167
2298.50 0.319916
2299.50 0.319686
2300.50 0.319425
2301.60 0.319121
2302.60 0.318849
2303.60 0.318536
2304.60 0.318253
2305.60 0.317950
2306.70 0.317657
2307.70 0.317291
2308.70 0.316915
2309.80 0.316559
2310.80 0.316182
2311.80 0.315764
2312.80 0.315335
2313.90 0.314907
2314.90 0.314446
2315.90 0.314007
2317.00 0.313578
2318.00 0.313118
2319.10 0.312668
2320.10 0.312135
2321.10 0.311581
2322.20 0.311026
2323.20 0.310451
2324.30 0.309886
2325.30 0.309290
2326.30 0.308621
2327.40 0.307941
2328.40 0.307314
2329.50 0.306717
2330.50 0.306090
2331.60 0.305483
2332.60 0.304887
2333.70 0.304260
2334.70 0.303705
2335.80 0.303224
2336.80 0.302743
2337.90 0.302325
2338.90 0.301927
2340.00 0.301530
2341.00 0.301227
2342.10 0.300997
2343.10 0.300777
2344.20 0.300641
2345.30 0.300568
2346.30 0.300578
2347.40 0.300610
2348.50 0.300672
2349.50 0.300777
2350.60 0.300955
2351.70 0.301164
2352.70 0.301488
2353.80 0.301886
2354.90 0.302283
2355.90 0.302722
2357.00 0.303245
2358.10 0.303758
2359.10 0.304312
2360.20 0.304908
2361.30 0.305546
2362.40 0.306205
2363.40 0.306822
2364.50 0.307460
2365.60 0.308140
2366.70 0.308767
2367.80 0.309384
2368.90 0.310022
2369.90 0.310671
2371.00 0.311309
2372.10 0.311936
2373.20 0.312532
2374.30 0.313118
2375.40 0.313672
2376.40 0.314206
2377.50 0.314687
2378.60 0.315137
2379.70 0.315628
2380.80 0.316120
2381.90 0.316507
2383.00 0.316883
2384.10 0.317260
2385.20 0.317615
2386.30 0.317919
2387.40 0.318232
2388.50 0.318525
2389.60 0.318818
2390.70 0.319090
2391.80 0.319351
2392.90 0.319561
2394.00 0.319791
2395.10 0.320000
2396.20 0.320219
2397.30 0.320418
2398.40 0.320554
2399.50 0.320711
2400.60 0.320920
2401.80 0.321056
2402.90 0.321161
2404.00 0.321307
2405.10 0.321474
2406.20 0.321621
2407.30 0.321767
2408.50 0.321851
2409.60 0.321987
2410.70 0.322123
2411.80 0.322238
2412.90 0.322363
2414.10 0.322478
2415.20 0.322573
2416.30 0.322677
2417.40 0.322782
2418.60 0.322918
2419.70 0.322991
2420.80 0.323043
2422.00 0.323148
2423.10 0.323252
2424.20 0.323347
2425.40 0.323367
2426.50 0.323367
2427.60 0.323420
2428.80 0.323462
2429.90 0.323483
2431.10 0.323420
2432.20 0.323378
2433.30 0.323347
2434.50 0.323357
2435.60 0.323305
2436.80 0.323211
2437.90 0.323116
2439.10 0.323022
2440.20 0.322897
2441.40 0.322824
2442.50 0.322771
2443.60 0.322677
2444.80 0.322541
2445.90 0.322395
2447.10 0.322248
2448.30 0.322112
2449.40 0.321976
2450.60 0.321788
2451.70 0.321600
2452.90 0.321443
2454.10 0.321255
2455.20 0.321046
2456.40 0.320836
2457.60 0.320606
2458.70 0.320334
2459.90 0.320083
2461.10 0.319843
2462.20 0.319571
2463.40 0.319330
2464.60 0.319121
2465.70 0.318849
2466.90 0.318588
2468.10 0.318326
2469.30 0.318055
2470.40 0.317751
2471.60 0.317500
2472.80 0.317239
2474.00 0.316967
2475.10 0.316684
2476.30 0.316413
2477.50 0.316193
2478.70 0.315984
2479.90 0.315733
2481.10 0.315513
2482.30 0.315304
2483.40 0.315084
2484.60 0.314823
2485.80 0.314582
2487.00 0.314373
2488.20 0.314185
2489.40 0.313986
2490.60 0.313829
2491.80 0.313641
2493.00 0.313453
2494.20 0.313275
2495.40 0.313097
2496.60 0.312940
2497.80 0.312836
2499.00 0.312710
2500.20 0.312627
2501.40 0.312501
2502.60 0.312365
2503.80 0.312240
2505.00 0.312166
2506.30 0.312083
2507.50 0.312020
2508.70 0.311915
2509.90 0.311790
2511.10 0.311717
2512.30 0.311685
2513.50 0.311560
2514.80 0.311455
2516.00 0.311372
2517.20 0.311256
2518.40 0.311131
2519.60 0.311089
2520.90 0.310995
2522.10 0.310870
2523.30 0.310796
2524.60 0.310723
2525.80 0.310566
2527.00 0.310430
2528.20 0.310315
2529.50 0.310242
2530.70 0.310169
2531.90 0.310116
2533.20 0.310012
2534.40 0.309918
2535.70 0.309792
2536.90 0.309719
2538.10 0.309646
2539.40 0.309573
2540.60 0.309489
2541.90 0.309447
2543.10 0.309384
2544.40 0.309416
2545.60 0.309363
2546.90 0.309311
2548.10 0.309238
2549.40 0.309228
2550.60 0.309165
2551.90 0.309102
2553.10 0.309018
2554.40 0.308945
2555.60 0.308903
2556.90 0.308851
2558.20 0.308736
2559.40 0.308652
2560.70 0.308506
2562.00 0.308412
2563.20 0.308307
2564.50 0.308182
2565.80 0.308056
2567.00 0.307972
2568.30 0.307847
2569.60 0.307721
2570.90 0.307596
2572.10 0.307512
2573.40 0.307355
2574.70 0.307240
2576.00 0.307115
2577.30 0.306989
2578.50 0.306885
2579.80 0.306749
2581.10 0.306582
2582.40 0.306487
2583.70 0.306351
2585.00 0.306226
2586.20 0.306100
2587.50 0.305944
2588.80 0.305766
2590.10 0.305661
2591.40 0.305567
2592.70 0.305431
2594.00 0.305232
2595.30 0.305034
2596.60 0.304856
2597.90 0.304793
2599.20 0.304689
2600.50 0.304573
2601.80 0.304438
2603.10 0.304343
2604.40 0.304228
2605.70 0.304124
2607.10 0.303956
2608.40 0.303894
2609.70 0.303800
2611.00 0.303684
2612.30 0.303517
2613.60 0.303413
2614.90 0.303360
2616.30 0.303277
2617.60 0.303067
2618.90 0.302931
2620.20 0.302733
2621.60 0.302524
2622.90 0.302398
2624.20 0.302283
2625.50 0.302074
2626.90 0.301833
2628.20 0.301530
2629.50 0.301331
2630.90 0.300997
2632.20 0.300714
2633.50 0.300411
2634.90 0.300118
2636.20 0.299794
2637.60 0.299491
2638.90 0.299093
2640.20 0.298738
2641.60 0.298277
2642.90 0.297838
2644.30 0.297388
2645.60 0.296928
2647.00 0.296416
2648.30 0.295997
2649.70 0.295527
2651.00 0.295035
2652.40 0.294471
2653.80 0.293937
2655.10 0.293331
2656.50 0.292745
2657.80 0.292128
2659.20 0.291542
2660.60 0.290862
2661.90 0.290193
2663.30 0.289440
2664.70 0.288697
2666.00 0.287704
2667.40 0.286648
2668.80 0.285476
2670.10 0.283918
2671.50 0.281607
2672.90 0.279881
2674.30 0.278584
2675.60 0.277611
2677.00 0.276440
2678.40 0.275206
2679.80 0.273752
2681.20 0.272236
2682.60 0.270531
2684.00 0.268690
2685.40 0.266661
2686.80 0.264528
2688.10 0.262091
2689.50 0.259455
2690.90 0.256454
2692.30 0.253421
2693.70 0.250001
2695.10 0.246434
2696.50 0.242889
2697.90 0.239438
2699.30 0.235945
2700.70 0.232546
2702.10 0.229011
2703.60 0.225591
2705.00 0.221909
2706.40 0.218071
2707.80 0.213741
2709.20 0.208899
2710.60 0.203502
2712.00 0.197666
2713.50 0.191883
2714.90 0.186047
2716.30 0.179876
2717.70 0.173894
2719.10 0.168288
2720.60 0.162536
2722.00 0.156742
2723.40 0.152172
2724.90 0.147539
2726.30 0.143303
2727.70 0.139548
2729.20 0.135951
2730.60 0.132478
2732.00 0.129163
2733.50 0.125868
2734.90 0.122679
2736.40 0.119583
2737.80 0.116979
2739.30 0.114531
2740.70 0.112283
2742.20 0.110306
2743.60 0.108737
2745.10 0.107367
2746.50 0.106112
2748.00 0.104742
2749.40 0.103299
2750.90 0.101751
2752.30 0.100109
2753.80 0.098404
2755.30 0.096825
2756.70 0.095319
2758.20 0.094095
2759.70 0.093060
2761.10 0.092161
2762.60 0.091293
2764.10 0.090414
2765.60 0.089494
2767.00 0.088490
2768.50 0.087350
2770.00 0.086220
2771.50 0.084965
2772.90 0.083752
2774.40 0.082560
2775.90 0.081420
2777.40 0.080269
2778.90 0.079140
2780.40 0.077947
2781.90 0.076828
2783.40 0.075730
2784.90 0.074758
2786.40 0.073701
2787.90 0.072635
2789.40 0.071631
2790.90 0.070710
2792.40 0.069832
2793.90 0.068995
2795.40 0.068200
2796.90 0.067468
2798.40 0.066757
2799.90 0.066171
2801.40 0.065606
2802.90 0.065094
2804.40 0.064634
2806.00 0.064205
2807.50 0.063818
2809.00 0.063483
2810.50 0.063149
2812.10 0.062824
2813.60 0.062521
2815.10 0.062322
2816.60 0.062166
2818.20 0.062061
2819.70 0.061967
2821.20 0.061946
2822.80 0.061883
2824.30 0.061768
2825.80 0.061737
2827.40 0.061789
2828.90 0.061904
2830.50 0.062019
2832.00 0.062155
2833.60 0.062322
2835.10 0.062490
2836.70 0.062626
2838.20 0.062772
2839.80 0.062887
2841.30 0.063013
2842.90 0.063232
2844.40 0.063421
2846.00 0.063536
2847.60 0.063619
2849.10 0.063724
2850.70 0.063849
2852.30 0.063912
2853.80 0.063923
2855.40 0.063964
2857.00 0.063975
2858.60 0.063943
2860.10 0.063839
2861.70 0.063776
2863.30 0.063745
2864.90 0.063703
2866.40 0.063672
2868.00 0.063651
2869.60 0.063630
2871.20 0.063598
2872.80 0.063567
2874.40 0.063577
2876.00 0.063598
2877.60 0.063661
2879.20 0.063651
2880.80 0.063640
2882.40 0.063651
2884.00 0.063640
2885.60 0.063619
2887.20 0.063588
2888.80 0.063577
2890.40 0.063588
2892.00 0.063557
2893.60 0.063462
2895.30 0.063358
2896.90 0.063285
2898.50 0.063190
2900.10 0.063075
2901.70 0.063002
2903.40 0.062981
2905.00 0.062898
2906.60 0.062741
2908.30 0.062563
2909.90 0.062437
2911.50 0.062333
2913.10 0.062176
2914.80 0.062030
2916.40 0.061904
2918.10 0.061726
2919.70 0.061548
2921.40 0.061413
2923.00 0.061277
2924.70 0.061109
2926.30 0.060921
2928.00 0.060733
2929.60 0.060576
2931.30 0.060492
2932.90 0.060398
2934.60 0.060273
2936.30 0.060199
2937.90 0.060105
2939.60 0.060001
2941.20 0.059990
2942.90 0.059938
2944.60 0.059886
2946.30 0.059938
2947.90 0.060022
2949.60 0.060074
2951.30 0.060126
2953.00 0.060241
2954.60 0.060346
2956.30 0.060440
2958.00 0.060565
2959.70 0.060701
2961.40 0.060879
2963.10 0.061099
2964.80 0.061297
2966.50 0.061465
2968.20 0.061684
2969.90 0.061925
2971.60 0.062166
2973.30 0.062458
2975.00 0.062762
2976.70 0.063055
2978.40 0.063389
2980.10 0.063703
2981.80 0.064017
2983.60 0.064383
2985.30 0.064749
2987.00 0.065115
2988.70 0.065512
2990.40 0.065899
2992.20 0.066286
2993.90 0.066736
2995.60 0.067133
2997.40 0.067583
2999.10 0.068085
3000.80 0.068535
3002.60 0.068985
3004.30 0.069476
3006.00 0.069936
3007.80 0.070407
3009.50 0.070930
3011.30 0.071411
3013.00 0.071913
3014.80 0.072404
3016.50 0.072886
3018.30 0.073377
3020.00 0.073848
3021.80 0.074350
3023.60 0.074831
3025.30 0.075270
3027.10 0.075741
3028.90 0.076243
3030.60 0.076734
3032.40 0.077194
3034.20 0.077676
3036.00 0.078146
3037.70 0.078596
3039.50 0.079087
3041.30 0.079569
3043.10 0.080029
3044.90 0.080499
3046.70 0.081001
3048.40 0.081462
3050.20 0.081932
3052.00 0.082413
3053.80 0.082926
3055.60 0.083396
3057.40 0.083877
3059.20 0.084338
3061.10 0.084819
3062.90 0.085383
3064.70 0.085917
3066.50 0.086429
3068.30 0.086921
3070.10 0.087444
3071.90 0.088029
3073.80 0.088615
3075.60 0.089180
3077.40 0.089682
3079.20 0.090194
3081.10 0.090801
3082.90 0.091408
3084.70 0.092004
3086.60 0.092579
3088.40 0.093206
3090.20 0.093876
3092.10 0.094577
3093.90 0.095225
3095.80 0.095884
3097.60 0.096553
3099.50 0.097212
3101.30 0.097934
3103.20 0.098687
3105.00 0.099387
3106.90 0.100057
3108.80 0.100778
3110.60 0.101531
3112.50 0.102243
3114.40 0.102975
3116.20 0.103717
3118.10 0.104512
3120.00 0.105297
3121.90 0.106050
3123.70 0.106813
3125.60 0.107576
3127.50 0.108361
3129.40 0.109218
3131.30 0.110024
3133.20 0.110798
3135.10 0.111603
3137.00 0.112408
3138.90 0.113193
3140.80 0.114040
3142.70 0.114845
3144.60 0.115630
3146.50 0.116424
3148.40 0.117240
3150.30 0.118025
3152.20 0.118840
3154.10 0.119698
3156.10 0.120535
3158.00 0.121298
3159.90 0.122156
3161.80 0.123024
3163.80 0.123860
3165.70 0.124655
3167.60 0.125461
3169.60 0.126245
3171.50 0.127092
3173.40 0.127981
3175.40 0.128839
3177.30 0.129675
3179.30 0.130512
3181.20 0.131359
3183.20 0.132238
3185.10 0.133127
3187.10 0.134016
3189.10 0.134905
3191.00 0.135794
3193.00 0.136651
3194.90 0.137498
3196.90 0.138356
3198.90 0.139287
3200.90 0.140228
3202.90 0.141138
3204.80 0.141975
3206.80 0.142843
3208.80 0.143742
3210.80 0.144662
3212.80 0.145541
3214.80 0.146430
3216.80 0.147308
3218.80 0.148218
3220.80 0.149128
3222.80 0.149996
3224.80 0.150833
3226.80 0.151691
3228.80 0.152580
3230.80 0.153469
3232.80 0.154326
3234.80 0.155121
3236.80 0.155937
3238.90 0.156794
3240.90 0.157600
3242.90 0.158457
3244.90 0.159252
3247.00 0.160016
3249.00 0.160842
3251.00 0.161647
3253.10 0.162432
3255.10 0.163268
3257.20 0.164126
3259.20 0.164900
3261.30 0.165642
3263.30 0.166458
3265.40 0.167263
3267.40 0.168006
3269.50 0.168769
3271.60 0.169554
3273.60 0.170328
3275.70 0.171102
3277.80 0.171865
3279.80 0.172629
3281.90 0.173371
3284.00 0.174103
3286.10 0.174898
3288.10 0.175682
3290.20 0.176446
3292.30 0.177241
3294.40 0.178025
3296.50 0.178810
3298.60 0.179552
3300.70 0.180263
3302.80 0.180995
3304.90 0.181728
3307.00 0.182449
3309.10 0.183192
3311.20 0.183955
3313.40 0.184677
3315.50 0.185325
3317.60 0.185995
3319.70 0.186685
3321.90 0.187375
3324.00 0.188003
3326.10 0.188651
3328.30 0.189226
3330.40 0.189770
3332.50 0.190262
3334.70 0.190690
3336.80 0.191004
3339.00 0.191192
3341.10 0.191255
3343.30 0.191245
3345.40 0.191161
3347.60 0.191140
3349.80 0.191266
3351.90 0.191621
3354.10 0.192144
3356.30 0.192772
3358.40 0.193441
3360.60 0.194110
3362.80 0.194707
3365.00 0.195240
3367.10 0.195752
3369.30 0.196244
3371.50 0.196746
3373.70 0.197290
3375.90 0.197781
3378.10 0.198262
3380.30 0.198785
3382.50 0.199402
3384.70 0.200061
3386.90 0.200710
3389.10 0.201275
3391.40 0.201818
3393.60 0.202331
3395.80 0.202833
3398.00 0.203293
3400.30 0.203732
3402.50 0.204088
3404.70 0.204412
3407.00 0.204778
3409.20 0.205259
3411.40 0.205751
3413.70 0.206242
3415.90 0.206755
3418.20 0.207403
3420.40 0.208062
3422.70 0.208731
3425.00 0.209443
3427.20 0.210133
3429.50 0.210792
3431.80 0.211513
3434.00 0.212141
3436.30 0.212706
3438.60 0.213260
3440.90 0.213825
3443.20 0.214369
3445.40 0.214892
3447.70 0.215435
3450.00 0.215969
3452.30 0.216471
3454.60 0.216952
3456.90 0.217381
3459.20 0.217789
3461.60 0.218123
3463.90 0.218280
3466.20 0.218196
3468.50 0.217883
3470.80 0.217579
3473.10 0.217391
3475.50 0.217307
3477.80 0.217475
3480.10 0.217883
3482.50 0.218458
3484.80 0.219075
3487.20 0.219734
3489.50 0.220445
3491.90 0.221198
3494.20 0.221930
3496.60 0.222652
3498.90 0.223363
3501.30 0.224179
3503.60 0.225005
3506.00 0.225925
3508.40 0.226898
3510.80 0.227891
3513.10 0.228875
3515.50 0.229868
3517.90 0.230872
3520.30 0.232023
3522.70 0.233215
3525.10 0.234480
3527.50 0.235683
3529.90 0.236781
3532.30 0.237764
3534.70 0.238674
3537.10 0.239511
3539.50 0.240243
3541.90 0.240933
3544.40 0.241655
3546.80 0.242324
3549.20 0.243015
3551.60 0.243600
3554.10 0.244196
3556.50 0.244803
3559.00 0.245326
3561.40 0.245838
3563.90 0.246434
3566.30 0.246916
3568.80 0.247365
3571.20 0.247825
3573.70 0.248348
3576.10 0.248840
3578.60 0.249342
3581.10 0.249959
3583.60 0.250492
3586.00 0.250942
3588.50 0.251465
3591.00 0.252009
3593.50 0.252532
3596.00 0.252929
3598.50 0.253379
3601.00 0.253860
3603.50 0.254268
3606.00 0.254634
3608.50 0.255105
3611.00 0.255554
3613.50 0.256025
3616.00 0.256464
3618.60 0.256841
3621.10 0.257217
3623.60 0.257594
3626.10 0.257970
3628.70 0.258420
3631.20 0.258838
3633.80 0.259183
3636.30 0.259466
3638.90 0.259790
3641.40 0.260198
3644.00 0.260616
3646.60 0.260920
3649.10 0.261265
3651.70 0.261610
3654.30 0.261944
3656.80 0.262258
3659.40 0.262572
3662.00 0.262875
3664.60 0.263241
3667.20 0.263628
3669.80 0.263932
3672.40 0.264183
3675.00 0.264496
3677.60 0.264789
3680.20 0.265176
3682.80 0.265553
3685.40 0.265751
3688.10 0.266013
3690.70 0.266389
3693.30 0.266703
3695.90 0.266985
3698.60 0.267237
3701.20 0.267582
3703.90 0.267958
3706.50 0.268220
3709.20 0.268512
3711.80 0.268816
3714.50 0.268983
3717.10 0.269245
3719.80 0.269579
3722.50 0.269809
3725.10 0.270071
3727.80 0.270405
3730.50 0.270604
3733.20 0.270834
3735.90 0.271096
3738.60 0.271347
3741.30 0.271493
3744.00 0.271776
3746.70 0.272089
3749.40 0.272330
3752.10 0.272497
3754.80 0.272675
3757.50 0.272968
3760.30 0.273250
3763.00 0.273334
3765.70 0.273417
3768.50 0.273606
3771.20 0.273794
3773.90 0.273930
3776.70 0.274076
3779.40 0.274202
3782.20 0.274390
3785.00 0.274505
3787.70 0.274495
3790.50 0.274442
3793.30 0.274380
3796.10 0.274275
3798.80 0.274108
3801.60 0.273899
3804.40 0.273564
3807.20 0.273261
3810.00 0.273166
3812.80 0.272968
3815.60 0.272748
3818.40 0.272508
3821.20 0.272162
3824.00 0.271817
3826.90 0.271525
3829.70 0.271211
3832.50 0.270918
3835.40 0.270604
3838.20 0.270196
3841.00 0.269945
3843.90 0.269893
3846.70 0.269883
3849.60 0.269809
3852.40 0.269788
3855.30 0.269841
3858.20 0.269862
3861.10 0.269872
3863.90 0.269945
3866.80 0.269977
3869.70 0.269956
3872.60 0.269998
3875.50 0.270102
3878.40 0.270228
3881.30 0.270217
3884.20 0.270217
3887.10 0.270269
3890.00 0.270228
3892.90 0.270290
3895.90 0.270385
3898.80 0.270322
3901.70 0.270353
3904.70 0.270301
3907.60 0.270154
3910.60 0.270092
3913.50 0.270102
3916.50 0.270029
3919.40 0.269935
3922.40 0.269715
3925.40 0.269516
3928.30 0.269328
3931.30 0.269140
3934.30 0.268962
3937.30 0.268617
3940.30 0.267843
3943.30 0.266609
3946.30 0.265333
3949.30 0.264088
3952.30 0.262760
3955.30 0.261526
3958.30 0.260428
3961.30 0.259487
3964.40 0.258629
3967.40 0.258106
3970.40 0.257594
3973.50 0.257071
3976.50 0.256788
3979.60 0.256632
3982.60 0.256663
3985.70 0.256914
3988.80 0.257531
3991.80 0.258577
3994.90 0.259780
3998.00 0.261108
4001.10 0.262624
4004.20 0.264287
4007.30 0.265929
4010.40 0.267592
4013.50 0.269182
4016.60 0.270447
4019.70 0.271399
4022.80 0.272278
4025.90 0.273041
4029.10 0.273836
4032.20 0.274547
4035.30 0.275143
4038.50 0.275823
4041.60 0.276513
4044.80 0.277141
4047.90 0.277768
4051.10 0.278218
4054.30 0.278563
4057.40 0.278929
4060.60 0.279274
4063.80 0.279442
4067.00 0.279473
4070.20 0.279494
4073.40 0.279609
4076.60 0.279755
4079.80 0.279839
4083.00 0.279923
4086.20 0.279891
4089.40 0.279839
4092.60 0.279965
4095.90 0.279985
4099.10 0.279933
4102.40 0.279944
4105.60 0.279902
4108.90 0.279881
4112.10 0.279839
4115.40 0.279776
4118.70 0.279693
4122.00 0.279661
4125.20 0.279598
4128.50 0.279546
4131.80 0.279463
4135.10 0.279389
4138.40 0.279264
4141.70 0.279170
4145.00 0.279034
4148.30 0.278898
4151.60 0.278730
4155.00 0.278584
4158.30 0.278385
4161.60 0.278218
4165.00 0.278051
4168.30 0.277915
4171.70 0.277779
4175.00 0.277601
4178.40 0.277392
4181.80 0.277235
4185.20 0.277015
4188.50 0.276817
4191.90 0.276576
4195.30 0.276356
4198.70 0.276105
4202.10 0.275896
4205.50 0.275624
4208.90 0.275363
4212.40 0.275049
4215.80 0.274746
4219.20 0.274422
4222.60 0.274118
4226.10 0.273752
4229.50 0.273417
4233.00 0.273062
4236.50 0.272738
4239.90 0.272382
4243.40 0.272079
4246.90 0.271744
4250.30 0.271420
4253.80 0.271043
4257.30 0.270677
4260.80 0.270269
4264.30 0.269851
4267.80 0.269391
4271.30 0.269014
4274.90 0.268575
4278.40 0.268146
4281.90 0.267697
4285.50 0.267237
4289.00 0.266714
4292.60 0.266243
4296.10 0.265730
4299.70 0.265249
4303.30 0.264726
4306.80 0.264204
4310.40 0.263639
4314.00 0.263084
4317.60 0.262530
4321.20 0.262007
4324.80 0.261411
4328.40 0.260825
4332.00 0.260208
4335.60 0.259612
4339.30 0.259006
4342.90 0.258420
4346.50 0.257792
4350.20 0.257207
4353.80 0.256611
4357.50 0.256077
4361.10 0.255471
4364.80 0.254885
4368.50 0.254289
4372.20 0.253672
4375.90 0.253023
4379.60 0.252448
4383.30 0.251821
4387.00 0.251224
4390.70 0.250597
4394.40 0.250001
4398.10 0.249342
4401.90 0.248683
4405.60 0.248014
4409.40 0.247386
4413.10 0.246738
4416.90 0.246100
4420.60 0.245430
4424.40 0.244772
4428.20 0.244060
4432.00 0.243401
4435.80 0.242690
4439.60 0.241969
4443.40 0.241195
4447.20 0.240431
4451.00 0.239636
4454.80 0.238862
4458.60 0.238005
4462.50 0.237158
4466.30 0.236269
4470.20 0.235411
4474.00 0.234491
4477.90 0.233570
4481.80 0.232619
4485.60 0.231698
4489.50 0.230715
4493.40 0.229743
4497.30 0.228770
4501.20 0.227808
4505.10 0.226783
4509.00 0.225758
4513.00 0.224681
4516.90 0.223603
4520.80 0.222474
4524.80 0.221365
4528.70 0.220215
4532.70 0.219075
4536.70 0.217872
4540.60 0.216753
4544.60 0.215634
4548.60 0.214515
4552.60 0.213344
4556.60 0.212162
4560.60 0.210949
4564.60 0.209809
4568.60 0.208637
4572.70 0.207497
4576.70 0.206347
4580.80 0.205259
4584.80 0.204151
4588.90 0.203063
4592.90 0.201923
4597.00 0.200773
4601.10 0.199570
4605.20 0.198378
4609.30 0.197143
4613.40 0.195941
4617.50 0.194707
4621.60 0.193535
4625.70 0.192374
4629.80 0.191297
4634.00 0.190251
4638.10 0.189289
4642.30 0.188358
4646.40 0.187490
4650.60 0.186622
4654.80 0.185859
4659.00 0.185158
4663.10 0.184530
4667.30 0.183924
4671.50 0.183401
4675.80 0.182836
4680.00 0.182261
4684.20 0.181654
4688.40 0.181110
4692.70 0.180546
4696.90 0.179991
4701.20 0.179427
4705.50 0.178893
4709.70 0.178339
4714.00 0.177826
4718.30 0.177220
4722.60 0.176613
4726.90 0.175944
4731.20 0.175264
4735.50 0.174511
4739.90 0.173716
4744.20 0.172848
4748.50 0.171970
4752.90 0.171008
4757.30 0.170056
4761.60 0.169083
4766.00 0.168152
4770.40 0.167253
4774.80 0.166489
4779.20 0.165799
4783.60 0.165213
4788.00 0.164680
4792.40 0.164220
4796.90 0.163823
4801.30 0.163498
4805.80 0.163185
4810.20 0.162944
4814.70 0.162735
4819.10 0.162567
4823.60 0.162358
4828.10 0.162107
4832.60 0.161752
4837.10 0.161365
4841.60 0.160925
4846.20 0.160455
4850.70 0.159890
4855.30 0.159263
4859.80 0.158530
4864.40 0.157757
4868.90 0.156962
4873.50 0.156271
4878.10 0.155644
4882.70 0.155131
4887.30 0.154650
4891.90 0.154253
4896.50 0.153866
4901.10 0.153510
4905.80 0.153155
4910.40 0.152893
4915.10 0.152632
4919.70 0.152433
4924.40 0.152193
4929.10 0.151942
4933.80 0.151628
4938.50 0.151272
4943.20 0.150823
4947.90 0.150321
4952.60 0.149703
4957.40 0.149045
4962.10 0.148281
4966.90 0.147518
4971.60 0.146691
4976.40 0.145928
4981.20 0.145269
4986.00 0.144778
4990.80 0.144359
4995.60 0.144024
5000.40 0.143638
5005.20 0.143230
5010.00 0.142749
5014.90 0.142288
5019.80 0.141860
5024.60 0.141598
5029.50 0.141452
5034.40 0.141462
5039.30 0.141494
5044.20 0.141525
5049.10 0.141462
5054.00 0.141347
5058.90 0.141117
5063.90 0.140824
5068.80 0.140364
5073.80 0.139820
5078.80 0.139193
5083.70 0.138534
5088.70 0.137760
5093.70 0.136965
5098.70 0.136097
5103.70 0.135260
5108.80 0.134455
5113.80 0.133691
5118.90 0.132907
5123.90 0.132154
5129.00 0.131359
5134.10 0.130585
5139.10 0.129780
5144.30 0.129006
5149.40 0.128169
5154.50 0.127322
5159.60 0.126465
5164.70 0.125628
5169.90 0.124728
5175.00 0.123808
5180.20 0.122888
5185.40 0.122020
5190.60 0.121131
5195.80 0.120325
5201.00 0.119531
5206.20 0.118778
5211.50 0.118014
5216.70 0.117230
5222.00 0.116477
5227.20 0.115828
5232.50 0.115201
5237.80 0.114646
5243.10 0.114113
5248.40 0.113663
5253.70 0.113255
5259.00 0.112889
5264.40 0.112523
5269.70 0.112178
5275.10 0.111812
5280.50 0.111488
5285.80 0.111143
5291.20 0.110840
5296.60 0.110505
5302.00 0.110191
5307.50 0.109867
5312.90 0.109585
5318.40 0.109260
5323.80 0.108926
5329.30 0.108570
5334.80 0.108214
5340.30 0.107838
5345.80 0.107472
5351.30 0.107033
5356.80 0.106552
5362.40 0.106050
5367.90 0.105527
5373.50 0.104930
5379.00 0.104303
5384.60 0.103655
5390.20 0.102985
5395.80 0.102232
5401.50 0.101469
5407.10 0.100695
5412.70 0.099921
5418.40 0.099147
5424.10 0.098321
5429.70 0.097515
5435.40 0.096794
5441.10 0.096020
5446.80 0.095256
5452.60 0.094461
5458.30 0.093698
5464.10 0.092924
5469.80 0.092150
5475.60 0.091408
5481.40 0.090623
5487.20 0.089807
5493.00 0.089002
5498.80 0.088134
5504.70 0.087266
5510.50 0.086335
5516.40 0.085373
5522.30 0.084327
5528.10 0.083229
5534.00 0.082079
5540.00 0.080865
5545.90 0.079589
5551.80 0.078282
5557.80 0.077079
5563.70 0.076180
5569.70 0.075552
5575.70 0.075071
5581.70 0.074789
5587.70 0.074810
5593.70 0.074914
5599.80 0.074935
5605.80 0.074862
5611.90 0.074726
5618.00 0.074528
5624.10 0.074214
5630.20 0.073910
5636.30 0.073691
5642.40 0.073450
5648.60 0.073147
5654.70 0.072917
5660.90 0.072697
5667.10 0.072572
5673.30 0.072499
5679.50 0.072415
5685.70 0.072363
5692.00 0.072373
5698.20 0.072394
5704.50 0.072467
5710.80 0.072551
5717.10 0.072614
5723.40 0.072697
5729.70 0.072802
5736.00 0.072906
5742.40 0.073021
5748.80 0.073116
5755.10 0.073189
5761.50 0.073346
5768.00 0.073429
5774.40 0.073419
5780.80 0.073482
5787.30 0.073544
5793.70 0.073597
5800.20 0.073659
5806.70 0.073701
5813.20 0.073764
5819.80 0.073858
5826.30 0.073806
5832.80 0.073701
5839.40 0.073628
5846.00 0.073534
5852.60 0.073440
5859.20 0.073346
5865.80 0.073189
5872.50 0.073032
5879.10 0.072938
5885.80 0.072687
5892.50 0.072530
5899.20 0.072300
5905.90 0.072028
5912.60 0.071850
5919.40 0.071662
5926.20 0.071495
5932.90 0.071390
5939.70 0.071191
5946.50 0.070919
5953.40 0.070689
5960.20 0.070511
5967.10 0.070313
5974.00 0.069968
5980.80 0.069643
5987.80 0.069330
5994.70 0.068901
6001.60 0.068503
6008.60 0.068148
6015.50 0.067792
6022.50 0.067363
6029.50 0.066956
6036.50 0.066589
6043.60 0.066391
6050.60 0.066056
6057.70 0.065554
6064.80 0.065209
6071.90 0.064874
6079.00 0.064477
6086.10 0.064142
6093.30 0.063849
6100.50 0.063557
6107.60 0.063274
6114.80 0.062960
6122.10 0.062584
6129.30 0.062270
6136.50 0.062009
6143.80 0.061768
6151.10 0.061538
6158.40 0.061360
6165.70 0.061193
6173.10 0.061172
6180.40 0.061266
6187.80 0.061350
6195.20 0.061454
6202.60 0.061674
6210.00 0.061915
6217.50 0.062197
6225.00 0.062500
6232.40 0.062824
6239.90 0.063138
6247.50 0.063441
6255.00 0.063734
6262.50 0.064017
6270.10 0.064278
6277.70 0.064529
6285.30 0.064759
6292.90 0.065021
6300.60 0.065272
6308.30 0.065565
6315.90 0.065878
6323.60 0.066203
6331.40 0.066558
6339.10 0.066987
6346.90 0.067416
6354.60 0.067782
6362.40 0.068179
6370.30 0.068618
6378.10 0.069005
6385.90 0.069330
6393.80 0.069675
6401.70 0.070051
6409.60 0.070480
6417.60 0.070762
6425.50 0.070919
6433.50 0.071108
6441.50 0.071223
6449.50 0.071264
6457.50 0.071254
6465.60 0.071244
6473.60 0.071212
6481.70 0.071139
6489.80 0.071097
6498.00 0.070972
6506.10 0.070773
6514.30 0.070700
6522.50 0.070595
6530.70 0.070438
6539.00 0.070334
6547.20 0.070250
6555.50 0.070093
6563.80 0.069936
6572.10 0.069758
6580.40 0.069466
6588.80 0.069194
6597.20 0.068869
6605.60 0.068545
6614.00 0.068273
6622.50 0.068022
6630.90 0.067876
6639.40 0.067635
6647.90 0.067280
6656.50 0.067029
6665.00 0.066830
6673.60 0.066642
6682.20 0.066370
6690.80 0.066025
6699.50 0.065732
6708.10 0.065408
6716.80 0.065042
6725.50 0.064686
6734.30 0.064351
6743.00 0.064027
6751.80 0.063734
6760.60 0.063441
6769.40 0.063211
6778.30 0.062960
6787.10 0.062741
6796.00 0.062479
6805.00 0.062228
6813.90 0.062030
6822.90 0.061873
6831.90 0.061643
6840.90 0.061402
6849.90 0.061193
6859.00 0.061046
6868.00 0.060754
6877.20 0.060429
6886.30 0.060220
6895.50 0.060063
6904.60 0.059927
6913.80 0.059791
6923.10 0.059593
6932.30 0.059363
6941.60 0.059143
6950.90 0.058955
6960.20 0.058756
6969.60 0.058505
6979.00 0.058317
6988.40 0.058139
6997.80 0.057961
7007.30 0.057804
7016.80 0.057700
7026.30 0.057627
7035.80 0.057543
7045.40 0.057438
7054.90 0.057219
7064.50 0.056999
7074.20 0.056758
7083.90 0.056528
7093.50 0.056225
7103.30 0.055859
7113.00 0.055399
7122.80 0.054855
7132.60 0.054301
7142.40 0.053861
7152.20 0.053422
7162.10 0.053025
7172.00 0.052586
7182.00 0.052167
7191.90 0.051791
7201.90 0.051435
7211.90 0.051059
7222.00 0.050693
7232.00 0.050316
7242.10 0.049940
7252.30 0.049542
7262.40 0.049166
7272.60 0.048831
7282.80 0.048475
7293.10 0.048099
7303.30 0.047743
7313.60 0.047398
7324.00 0.047084
7334.30 0.046739
7344.70 0.046373
7355.10 0.045976
7365.60 0.045620
7376.10 0.045233
7386.60 0.044857
7397.10 0.044470
7407.70 0.044104
7418.30 0.043706
7428.90 0.043330
7439.60 0.042943
7450.20 0.042608
7461.00 0.042232
7471.70 0.041782
7482.50 0.041311
7493.30 0.040893
7504.10 0.040433
7515.00 0.039952
7525.90 0.039450
7536.90 0.038958
7547.90 0.038435
7558.90 0.037944
7569.90 0.037410
7581.00 0.036887
7592.00 0.036385
7603.20 0.035883
7614.40 0.035360
7625.50 0.034921
7636.80 0.034492
7648.00 0.034063
7659.30 0.033635
7670.70 0.033216
7682.00 0.032735
7693.40 0.032306
7704.90 0.031888
7716.30 0.031491
7727.80 0.031051
7739.40 0.030633
7750.90 0.030204
7762.50 0.029828
7774.20 0.029430
7785.80 0.029085
7797.50 0.028719
7809.30 0.028416
7821.10 0.028133
7832.90 0.027893
7844.70 0.027663
7856.60 0.027506
7868.50 0.027339
7880.50 0.027224
7892.50 0.027161
7904.50 0.027171
7916.60 0.027224
7928.70 0.027318
7940.80 0.027401
7953.00 0.027579
7965.20 0.027809
7977.50 0.028123
7989.80 0.028489
8002.10 0.028907
8014.50 0.029336
8026.90 0.029849
8039.30 0.030361
8051.80 0.030989
8064.30 0.031679
8076.90 0.032463
8089.50 0.033290
8102.10 0.034189
8114.80 0.035151
8127.50 0.036166
8140.30 0.037211
8153.10 0.038341
8165.90 0.039471
8178.80 0.040631
8191.70 0.041750
8204.70 0.042807
8217.70 0.043790
8230.70 0.044679
8243.80 0.045421
8257.00 0.046018
8270.10 0.046478
8283.30 0.046854
8296.60 0.047074
8309.90 0.047189
8323.20 0.047199
8336.60 0.047126
8350.00 0.046865
8363.50 0.046488
8377.00 0.046028
8390.50 0.045495
8404.20 0.044888
8417.80 0.044250
8431.50 0.043549
8445.20 0.042859
8459.00 0.042169
8472.80 0.041479
8486.70 0.040820
8500.60 0.040255
8514.50 0.039659
8528.50 0.039042
8542.60 0.038456
8556.70 0.037923
8570.80 0.037389
8585.00 0.036898
8599.30 0.036427
8613.50 0.036019
8627.90 0.035653
8642.30 0.035308
8656.70 0.034963
8671.20 0.034639
8685.70 0.034356
8700.30 0.034105
8714.90 0.033812
8729.50 0.033530
8744.30 0.033248
8759.00 0.032976
8773.90 0.032641
8788.70 0.032380
8803.70 0.032087
8818.60 0.031773
8833.70 0.031376
8848.70 0.030968
8863.80 0.030549
8879.00 0.030152
8894.30 0.029828
8909.50 0.029629
8924.90 0.029504
8940.30 0.029462
8955.70 0.029420
8971.20 0.029514
8986.80 0.029608
9002.30 0.029744
9018.00 0.029880
9033.70 0.030058
9049.50 0.030236
9065.30 0.030497
9081.20 0.030759
9097.10 0.031072
9113.10 0.031470
9129.10 0.031951
9145.20 0.032338
9161.40 0.032599
9177.60 0.032746
9193.90 0.032944
9210.20 0.033164
9226.60 0.033561
9243.00 0.034231
9259.50 0.035005
9276.10 0.035622
9292.70 0.036155
9309.40 0.036605
9326.20 0.037044
9343.00 0.037515
9359.80 0.037985
9376.80 0.038519
9393.80 0.039199
9410.80 0.039910
9427.90 0.040663
9445.10 0.041311
9462.30 0.041918
9479.60 0.042556
9497.00 0.043257
9514.40 0.044020
9531.90 0.044783
9549.40 0.045432
9567.00 0.045944
9584.70 0.046258
9602.50 0.046457
9620.30 0.046540
9638.20 0.046446
9656.10 0.046133
9674.20 0.045641
9692.20 0.044961
9710.40 0.044229
9728.60 0.043476
9746.90 0.042849
9765.20 0.042451
9783.70 0.042273
9802.20 0.042158
9820.70 0.042179
9839.40 0.042242
9858.10 0.042294
9876.80 0.042273
9895.70 0.042190
9914.60 0.041928
9933.60 0.041604
9952.70 0.041196
9971.80 0.040746
9991.00 0.040213
10010.30 0.039701
10029.70 0.039209
10049.10 0.038707
10068.60 0.038132
10088.20 0.037588
10107.90 0.037076
10127.60 0.036563
10147.50 0.036030
10167.30 0.035549
10187.30 0.035047
10207.40 0.034565
10227.50 0.034074
10247.70 0.033603
10268.00 0.033195
10288.40 0.032819
10308.80 0.032432
10329.40 0.032118
10350.00 0.031867
10370.70 0.031668
10391.50 0.031470
10412.30 0.031250
10433.30 0.030989
10454.30 0.030800
10475.40 0.030570
10496.70 0.030361
10517.90 0.030141
10539.30 0.029901
10560.80 0.029702
10582.30 0.029535
10604.00 0.029326
10625.70 0.029085
10647.50 0.028897
10669.40 0.028730
10691.40 0.028552
10713.50 0.028405
10735.70 0.028217
10758.00 0.028123
10780.30 0.028039
10802.80 0.027966
10825.40 0.027945
10848.00 0.027945
10870.80 0.027893
10893.60 0.027914
10916.50 0.027956
10939.50 0.028029
10962.70 0.028060
10985.90 0.028123
11009.20 0.028196
11032.70 0.028280
11056.20 0.028353
11079.80 0.028458
11103.50 0.028531
11127.40 0.028625
11151.30 0.028709
11175.30 0.028803
11199.50 0.028907
11223.70 0.029054
11248.00 0.029158
11272.50 0.029253
11297.10 0.029273
11321.70 0.029232
11346.50 0.029137
11371.40 0.029075
11396.40 0.028981
11421.50 0.028855
11446.70 0.028761
11472.00 0.028824
11497.50 0.028824
11523.00 0.028709
11548.70 0.028677
11574.40 0.028730
11600.30 0.028782
11626.30 0.028803
11652.50 0.028771
11678.70 0.028803
11705.10 0.028824
11731.60 0.028866
11758.20 0.028730
11784.90 0.028583
11811.70 0.028594
11838.70 0.028656
11865.80 0.028604
11893.00 0.028520
11920.30 0.028426
11947.80 0.028280
11975.40 0.028039
12003.10 0.027778
12031.00 0.027495
12059.00 0.027244
12087.10 0.026858
12115.30 0.026429
12143.70 0.025916
12172.20 0.025289
12200.80 0.024504
12229.60 0.023678
12258.50 0.022789
12287.60 0.021911
12316.80 0.021011
12346.10 0.020206
12375.50 0.019327
12405.20 0.018449
12434.90 0.017644
12464.80 0.016943
12494.80 0.016232
12525.00 0.015604
12555.30 0.015207
12585.80 0.014977
12616.40 0.014841
12647.20 0.014882
12678.10 0.014882
12709.20 0.014830
12740.40 0.014726
12771.80 0.014663
12803.30 0.014527
12835.00 0.014433
12866.90 0.014349
12898.90 0.014339
12931.10 0.014370
12963.40 0.014443
12995.90 0.014527
13028.50 0.014788
13061.30 0.015039
13094.30 0.015280
13127.50 0.015479
13160.80 0.015594
13194.30 0.015573
13228.00 0.015541
13261.80 0.015468
13295.80 0.015395
13330.00 0.015332
13364.30 0.015374
13398.80 0.015395
13433.60 0.015468
13468.50 0.015489
13503.50 0.015447
13538.80 0.015343
13574.20 0.015249
13609.90 0.015039
13645.70 0.014924
13681.70 0.014956
13717.90 0.015029
13754.30 0.015123
13790.80 0.015374
13827.60 0.015636
13864.60 0.015782
13901.80 0.015834
13939.20 0.015845
13976.70 0.015855
14014.50 0.015991
14052.50 0.015960
14090.70 0.015970
14129.00 0.016064
14167.60 0.016138
14206.50 0.016148
14245.50 0.016232
14284.70 0.016263
14324.20 0.016284
14363.90 0.016232
14403.80 0.016200
14443.90 0.016148
14484.30 0.016127
14524.80 0.015991
14565.60 0.015897
14606.70 0.015813
14647.90 0.015719
14689.40 0.015604
14731.20 0.015458
14773.10 0.015458
14815.30 0.015458
14857.80 0.015353
14900.50 0.015322
14943.40 0.015343
14986.60 0.015583
15030.00 0.015761
15073.70 0.016138
15117.70 0.016640
15161.90 0.017162
15206.30 0.017685
15251.10 0.018166
15296.10 0.018386
15341.30 0.018480
15386.80 0.018407
15432.60 0.018146
15478.70 0.017717
15525.00 0.017246
15571.70 0.016744
15618.60 0.016430
15665.80 0.016169
15713.20 0.016096
15761.00 0.016200
15809.00 0.016441
15857.40 0.016817
15906.00 0.017445
15955.00 0.018072
16004.20 0.018804
16053.80 0.019578
16103.60 0.020488
16153.80 0.021179
16204.30 0.021754
16255.10 0.022141
16306.20 0.022507
16357.60 0.023207
16409.40 0.024212
16461.50 0.025174
16513.90 0.026240
16566.70 0.027109
16619.80 0.027652
16673.20 0.027882
16727.00 0.027872
16781.10 0.027757
16835.60 0.027757
16890.50 0.027642
16945.70 0.027433
17001.20 0.027140
17057.20 0.026962
17113.40 0.026878
17170.10 0.026753
17227.20 0.026627
17284.60 0.026554
17342.40 0.026418
17400.60 0.026251
17459.20 0.025958
17518.20 0.025707
17577.50 0.025456
17637.30 0.025184
17697.50 0.024808
17758.10 0.024494
17819.20 0.024191
17880.60 0.023898
17942.50 0.023594
18004.80 0.023343
18067.50 0.023092
18130.70 0.023009
18194.30 0.023051
18258.40 0.023615
18322.90 0.024170
18387.90 0.024651
18453.30 0.025153
18519.20 0.025446
18585.60 0.025446
18652.40 0.025414
18719.80 0.025121
18787.60 0.025184
18855.90 0.025571
18924.70 0.025749
18994.10 0.025979
19063.90 0.026512
19134.20 0.027088
19205.10 0.027809
19276.50 0.028332
19348.40 0.028855
19420.90 0.029430
19493.90 0.029974
19567.50 0.030330
19641.60 0.030633
19716.30 0.031146
19791.50 0.031480
19867.30 0.031229
19943.80 0.030999
20020.80 0.031062
20098.40 0.031156
20176.60 0.031051
20255.40 0.031459
20334.80 0.031878
20414.90 0.032505
20495.60 0.033290
20576.90 0.033771
20658.90 0.034199
20741.50 0.034963
20824.80 0.035632
20908.80 0.035705
20993.40 0.035517
21078.80 0.035329
21164.80 0.035245
21251.60 0.035517
21339.00 0.035737
21427.20 0.035758
21516.10 0.035193
21605.80 0.034879
21696.20 0.035528
21787.30 0.036417
21879.30 0.036469
21972.00 0.036542
22065.50 0.036919
22159.70 0.037829
22254.80 0.038906
22350.80 0.039512
22447.50 0.039753
22545.10 0.040067
22643.60 0.040506
22742.90 0.040412
22843.10 0.040851
22944.20 0.042117
23046.20 0.042179
23149.00 0.041928
23252.80 0.042242
23357.60 0.042200
23463.30 0.041824
23569.90 0.041750
23677.50 0.041248
23786.10 0.040893
23895.80 0.040715
24006.40 0.039993
24118.00 0.039502
24230.70 0.038770
24344.50 0.037954
24459.40 0.038257
24575.30 0.037525
24692.30 0.037442
24810.40 0.038686
24929.70 0.038623
25050.20 0.038550
