300.00 0.073610
305.00 0.076520
310.00 0.083220
315.00 0.087450
320.00 0.091140
325.00 0.094640
330.00 0.097460
335.00 0.098930
340.00 0.100700
345.00 0.101830
350.00 0.104080
355.00 0.106270
360.00 0.107460
365.00 0.109740
370.00 0.111890
375.00 0.114510
380.00 0.116860
385.00 0.119990
390.00 0.122960
395.00 0.126090
400.00 0.127290
405.00 0.129230
410.00 0.131140
415.00 0.133220
420.00 0.135730
425.00 0.138940
430.00 0.142170
435.00 0.145630
440.00 0.148140
445.00 0.150500
450.00 0.152710
455.00 0.154630
460.00 0.156200
465.00 0.157590
470.00 0.158870
475.00 0.160610
480.00 0.162300
485.00 0.164230
490.00 0.165950
495.00 0.168220
500.00 0.170770
505.00 0.173250
510.00 0.175790
515.00 0.178300
520.00 0.180400
525.00 0.182680
530.00 0.184750
535.00 0.186870
540.00 0.188720
545.00 0.190470
550.00 0.191760
555.00 0.193360
560.00 0.194250
565.00 0.195510
570.00 0.196130
575.00 0.196910
580.00 0.197320
585.00 0.197780
590.00 0.198070
595.00 0.198270
600.00 0.198510
605.00 0.198550
610.00 0.198770
615.00 0.198830
620.00 0.198860
625.00 0.198670
630.00 0.198590
635.00 0.198700
640.00 0.198520
645.00 0.198300
650.00 0.198460
655.00 0.198110
660.00 0.198100
665.00 0.198120
670.00 0.198160
675.00 0.198120
680.00 0.198360
685.00 0.198430
690.00 0.198380
695.00 0.198340
700.00 0.198550
705.00 0.198610
710.00 0.198840
715.00 0.199050
720.00 0.199440
725.00 0.199710
730.00 0.200000
735.00 0.200360
740.00 0.200700
745.00 0.201480
750.00 0.202090
755.00 0.202700
760.00 0.203560
765.00 0.204000
770.00 0.204850
775.00 0.205440
780.00 0.206200
785.00 0.206960
790.00 0.207430
795.00 0.207980
800.00 0.208760
805.00 0.209110
810.00 0.209440
815.00 0.209470
820.00 0.209670
825.00 0.209420
830.00 0.209380
835.00 0.209010
840.00 0.208840
845.00 0.208350
850.00 0.207950
855.00 0.207470
860.00 0.206800
865.00 0.206070
865.20 0.206070
865.30 0.206756
865.50 0.206787
865.60 0.205292
865.80 0.205079
865.90 0.205079
866.00 0.205491
866.20 0.206466
866.30 0.205277
866.50 0.205826
866.60 0.205933
866.80 0.205765
866.90 0.205704
867.10 0.205353
867.20 0.205125
867.30 0.204728
867.50 0.204911
867.60 0.204926
867.80 0.203966
867.90 0.204042
868.10 0.205048
868.20 0.205308
868.40 0.205170
868.50 0.204423
868.70 0.204820
868.80 0.205292
869.00 0.205155
869.10 0.205216
869.20 0.205552
869.40 0.205475
869.50 0.205582
869.70 0.205674
869.80 0.205369
870.00 0.204286
870.10 0.203722
870.30 0.203920
870.40 0.204377
870.60 0.204133
870.70 0.204591
870.80 0.204576
871.00 0.204393
871.10 0.204576
871.30 0.203615
871.40 0.203066
871.60 0.204393
871.70 0.204164
871.90 0.203081
872.00 0.202654
872.20 0.202990
872.30 0.204271
872.50 0.205170
872.60 0.204987
872.80 0.205338
872.90 0.205048
873.00 0.204194
873.20 0.203722
873.30 0.203066
873.50 0.203340
873.60 0.203828
873.80 0.204362
873.90 0.204804
874.10 0.205109
874.20 0.204225
874.40 0.203523
874.50 0.203798
874.70 0.203706
874.80 0.203264
875.00 0.202334
875.10 0.202136
875.30 0.202959
875.40 0.203051
875.50 0.203066
875.70 0.202548
875.80 0.202776
876.00 0.203264
876.20 0.203706
876.30 0.203905
876.40 0.203447
876.60 0.203142
876.70 0.202349
876.90 0.201800
877.00 0.202166
877.20 0.203005
877.30 0.203097
877.50 0.202883
877.60 0.202471
877.80 0.202502
877.90 0.202670
878.10 0.202441
878.20 0.202670
878.40 0.202136
878.50 0.201953
878.70 0.202288
878.80 0.201999
879.00 0.202044
879.10 0.202746
879.30 0.202548
879.40 0.201663
879.60 0.201190
879.70 0.201297
879.90 0.201816
880.00 0.202731
880.20 0.202837
880.30 0.202929
880.50 0.202334
880.60 0.201190
880.80 0.202227
880.90 0.202578
881.10 0.202029
881.20 0.202365
881.40 0.202792
881.50 0.201800
881.70 0.200931
881.80 0.201572
882.00 0.202456
882.10 0.202212
882.30 0.201358
882.40 0.201297
882.60 0.201816
882.70 0.201389
882.90 0.201221
883.00 0.201114
883.20 0.201175
883.30 0.201541
883.50 0.201373
883.60 0.200398
883.80 0.200702
883.90 0.201328
884.10 0.201099
884.20 0.200794
884.40 0.201099
884.50 0.202090
884.70 0.201465
884.80 0.199986
885.00 0.199772
885.10 0.200611
885.30 0.201190
885.40 0.201236
885.60 0.200840
885.70 0.200946
885.90 0.200413
886.00 0.199971
886.20 0.199788
886.30 0.199498
886.50 0.200215
886.60 0.201160
886.80 0.201160
886.90 0.200215
887.10 0.200032
887.20 0.199879
887.40 0.200230
887.50 0.200779
887.70 0.200611
887.80 0.200748
888.00 0.200367
888.20 0.199605
888.30 0.198949
888.50 0.200062
888.60 0.201236
888.80 0.200535
888.90 0.199452
889.10 0.198903
889.20 0.199422
889.40 0.200062
889.50 0.200413
889.70 0.200154
889.80 0.199528
890.00 0.199955
890.10 0.200199
890.30 0.199376
890.40 0.199544
890.60 0.199940
890.80 0.199864
890.90 0.199315
891.00 0.198842
891.20 0.199178
891.40 0.199406
891.50 0.199605
891.70 0.199864
891.80 0.199772
892.00 0.199452
892.10 0.199605
892.30 0.199788
892.40 0.199696
892.60 0.199162
892.70 0.199086
892.90 0.199040
893.00 0.198613
893.20 0.199086
893.40 0.199452
893.50 0.198934
893.70 0.198293
893.80 0.197592
894.00 0.197546
894.10 0.198568
894.30 0.199208
894.40 0.199223
894.60 0.199406
894.70 0.199742
894.90 0.198979
895.00 0.198369
895.20 0.198873
895.40 0.198613
895.50 0.197790
895.70 0.198186
895.80 0.199147
896.00 0.198796
896.10 0.197455
896.30 0.197714
896.40 0.198812
896.60 0.198827
896.80 0.198293
896.90 0.198629
897.10 0.198613
897.20 0.197836
897.40 0.197927
897.50 0.197805
897.70 0.197531
897.80 0.197561
898.00 0.197897
898.20 0.197851
898.30 0.197744
898.50 0.198217
898.60 0.198461
898.80 0.197622
898.90 0.197546
899.10 0.197820
899.20 0.197897
899.40 0.197897
899.60 0.198049
899.70 0.198217
899.90 0.197775
900.00 0.197134
900.20 0.197348
900.30 0.198110
900.50 0.198324
900.70 0.197958
900.80 0.197256
901.00 0.196860
901.10 0.196799
901.30 0.196982
901.40 0.197455
901.60 0.197485
901.80 0.197409
901.90 0.197653
902.10 0.197729
902.20 0.196921
902.40 0.196814
902.50 0.197455
902.70 0.197622
902.80 0.197577
903.00 0.196784
903.20 0.196448
903.30 0.197256
903.50 0.196799
903.60 0.196433
903.80 0.196524
904.00 0.196097
904.10 0.195747
904.30 0.196021
904.40 0.196494
904.60 0.196433
904.70 0.196128
904.90 0.196418
905.00 0.196387
905.20 0.195930
905.40 0.196235
905.50 0.196616
905.70 0.196784
905.80 0.196540
906.00 0.195945
906.20 0.195259
906.30 0.195259
906.50 0.196113
906.60 0.196555
906.80 0.195975
907.00 0.195884
907.10 0.195655
907.30 0.195213
907.40 0.195426
907.60 0.196402
907.70 0.197073
907.90 0.196738
908.10 0.196235
908.20 0.196143
908.40 0.196036
908.50 0.195899
908.70 0.195670
908.90 0.195579
909.00 0.195701
909.20 0.195914
909.30 0.195777
909.50 0.195106
909.70 0.195472
909.80 0.195975
910.00 0.195869
910.10 0.195487
910.30 0.195045
910.50 0.195304
910.60 0.195640
910.80 0.195792
910.90 0.195487
911.10 0.195655
911.30 0.195625
911.40 0.195472
911.60 0.195884
911.70 0.195823
911.90 0.195152
912.10 0.195060
912.20 0.195365
912.40 0.195030
912.50 0.194496
912.70 0.194359
912.90 0.194481
913.00 0.195076
913.20 0.195350
913.30 0.195289
913.50 0.194999
913.70 0.194664
913.80 0.194664
914.00 0.194435
914.20 0.194649
914.30 0.194756
914.50 0.194146
914.60 0.194115
914.80 0.194039
915.00 0.193947
915.10 0.193993
915.30 0.194649
915.40 0.194542
915.60 0.193688
915.80 0.193764
915.90 0.194420
916.10 0.194496
916.30 0.194085
916.40 0.194115
916.60 0.194283
916.70 0.194344
916.90 0.194634
917.10 0.194146
917.20 0.193902
917.40 0.194191
917.50 0.194191
917.70 0.194054
917.90 0.194313
918.00 0.194085
918.20 0.193520
918.40 0.193795
918.50 0.193917
918.70 0.193703
918.80 0.193536
919.00 0.193154
919.20 0.193139
919.30 0.193627
919.50 0.193917
919.70 0.194374
919.80 0.194496
920.00 0.194100
920.20 0.193459
920.30 0.193139
920.50 0.193078
920.60 0.193078
920.80 0.193398
921.00 0.193459
921.10 0.193200
921.30 0.193353
921.50 0.193749
921.60 0.193932
921.80 0.193520
922.00 0.193520
922.10 0.193368
922.30 0.193337
922.40 0.193490
922.60 0.193322
922.80 0.192819
922.90 0.192483
923.10 0.192865
923.30 0.192987
923.40 0.193002
923.60 0.192971
923.80 0.192666
923.90 0.192499
924.10 0.192773
924.30 0.193032
924.40 0.192956
924.60 0.192651
924.70 0.192819
924.90 0.193200
925.10 0.192590
925.20 0.191980
925.40 0.192270
925.60 0.192346
925.70 0.192148
925.90 0.192255
926.10 0.191980
926.20 0.192239
926.40 0.192468
926.60 0.192178
926.70 0.192133
926.90 0.192361
927.10 0.192087
927.20 0.192057
927.40 0.192072
927.60 0.192224
927.70 0.192209
927.90 0.191691
928.00 0.191203
928.20 0.191187
928.40 0.191157
928.50 0.191477
928.70 0.191508
928.90 0.191447
929.00 0.191752
929.20 0.191736
929.40 0.191675
929.50 0.191706
929.70 0.191569
929.90 0.191904
930.00 0.191904
930.20 0.191752
930.40 0.191553
930.50 0.191889
930.70 0.191782
930.90 0.191721
931.00 0.191889
931.20 0.191721
931.40 0.191233
931.60 0.191538
931.70 0.191675
931.90 0.191203
932.10 0.191004
932.20 0.191004
932.40 0.191035
932.60 0.191691
932.70 0.191416
932.90 0.190638
933.10 0.190547
933.20 0.190974
933.40 0.191386
933.60 0.191325
933.70 0.191157
933.90 0.191126
934.10 0.191065
934.20 0.190852
934.40 0.190821
934.60 0.191111
934.80 0.191370
934.90 0.191477
935.10 0.191340
935.30 0.190959
935.40 0.191050
935.60 0.191126
935.80 0.190791
935.90 0.190745
936.10 0.190745
936.30 0.190898
936.40 0.191035
936.60 0.190867
936.80 0.190623
936.90 0.190471
937.10 0.190516
937.30 0.190425
937.50 0.189967
937.60 0.189784
937.80 0.189861
938.00 0.190227
938.10 0.190181
938.30 0.189769
938.50 0.189800
938.60 0.190089
938.80 0.190105
939.00 0.190028
939.20 0.190013
939.30 0.190166
939.50 0.189922
939.70 0.189861
939.80 0.189937
940.00 0.190669
940.20 0.190638
940.30 0.189952
940.50 0.189495
940.70 0.189159
940.80 0.189281
941.00 0.189449
941.20 0.189159
941.40 0.189175
941.50 0.189647
941.70 0.189800
941.90 0.189662
942.00 0.189922
942.20 0.189845
942.40 0.189586
942.60 0.189479
942.70 0.189190
942.90 0.189007
943.10 0.189403
943.30 0.189434
943.40 0.188900
943.60 0.188641
943.80 0.188717
943.90 0.189007
944.10 0.189571
944.30 0.189647
944.50 0.189159
944.60 0.189083
944.80 0.189144
945.00 0.189418
945.10 0.189495
945.30 0.189571
945.50 0.189297
945.70 0.188656
945.80 0.188656
946.00 0.189007
946.20 0.189312
946.30 0.188992
946.50 0.188671
946.70 0.188778
946.90 0.188946
947.00 0.189053
947.20 0.188900
947.40 0.188656
947.60 0.188443
947.70 0.188336
947.90 0.188763
948.10 0.188870
948.30 0.188504
948.40 0.188260
948.60 0.188061
948.80 0.188107
949.00 0.188382
949.10 0.188717
949.30 0.188854
949.50 0.188595
949.60 0.188168
949.80 0.188229
950.00 0.188580
950.20 0.188549
950.30 0.188214
950.50 0.187955
950.70 0.188061
950.90 0.188122
951.00 0.188107
951.20 0.188031
951.40 0.188092
951.60 0.188000
951.70 0.187894
951.90 0.188199
952.10 0.188183
952.30 0.187894
952.40 0.187802
952.60 0.187772
952.80 0.188168
953.00 0.188382
953.10 0.188305
953.30 0.188138
953.50 0.187863
953.70 0.187939
953.80 0.188061
954.00 0.187787
954.20 0.187467
954.40 0.187451
954.50 0.187848
954.70 0.187939
954.90 0.187695
955.10 0.187589
955.20 0.187695
955.40 0.187665
955.60 0.187573
955.80 0.187604
956.00 0.187711
956.10 0.187375
956.30 0.187390
956.50 0.187848
956.70 0.187451
956.80 0.187040
957.00 0.187177
957.20 0.187253
957.40 0.187223
957.50 0.187116
957.70 0.187207
957.90 0.187436
958.10 0.187421
958.20 0.187116
958.40 0.186963
958.60 0.187055
958.80 0.187329
959.00 0.187329
959.10 0.186902
959.30 0.186719
959.50 0.186796
959.70 0.186918
959.80 0.187177
960.00 0.187284
960.20 0.187085
960.40 0.186994
960.50 0.187192
960.70 0.187055
960.90 0.186613
961.10 0.186780
961.30 0.186628
961.40 0.186537
961.60 0.186582
961.80 0.186796
962.00 0.186765
962.20 0.186872
962.30 0.187024
962.50 0.186674
962.70 0.186293
962.90 0.186323
963.00 0.186247
963.20 0.186186
963.40 0.186125
963.60 0.186064
963.80 0.186079
963.90 0.186125
964.10 0.186186
964.30 0.186201
964.50 0.186155
964.70 0.186201
964.80 0.186079
965.00 0.186079
965.20 0.186247
965.40 0.186430
965.60 0.186399
965.70 0.186643
965.90 0.186476
966.10 0.186247
966.30 0.186186
966.50 0.186171
966.60 0.186354
966.80 0.186247
967.00 0.186293
967.20 0.186064
967.40 0.185866
967.50 0.185896
967.70 0.185942
967.90 0.185850
968.10 0.185866
968.30 0.185911
968.40 0.185652
968.60 0.185850
968.80 0.186049
969.00 0.185820
969.20 0.185850
969.30 0.185835
969.50 0.185652
969.70 0.185866
969.90 0.186155
970.10 0.186125
970.30 0.185866
970.40 0.185530
970.60 0.185500
970.80 0.185667
971.00 0.185683
971.20 0.185713
971.30 0.185683
971.50 0.185591
971.70 0.185744
971.90 0.185591
972.10 0.185500
972.30 0.185423
972.40 0.185088
972.60 0.185149
972.80 0.185393
973.00 0.185454
973.20 0.185439
973.30 0.185713
973.50 0.185591
973.70 0.185576
973.90 0.185515
974.10 0.185103
974.30 0.185027
974.50 0.185103
974.60 0.185164
974.80 0.185195
975.00 0.185088
975.20 0.184996
975.40 0.184935
975.50 0.184951
975.70 0.185271
975.90 0.185591
976.10 0.185393
976.30 0.185240
976.50 0.185210
976.70 0.185103
976.80 0.185057
977.00 0.185225
977.20 0.185164
977.40 0.185195
977.60 0.185378
977.80 0.185271
977.90 0.185179
978.10 0.185134
978.30 0.185073
978.50 0.185164
978.70 0.184844
978.90 0.184737
979.00 0.184859
979.20 0.184707
979.40 0.184920
979.60 0.184920
979.80 0.184874
980.00 0.185042
980.20 0.184935
980.30 0.184661
980.50 0.184585
980.70 0.184646
980.90 0.184615
981.10 0.184691
981.30 0.184691
981.50 0.184890
981.70 0.185118
981.80 0.185042
982.00 0.184661
982.20 0.184524
982.40 0.184325
982.60 0.184478
982.80 0.184768
983.00 0.184752
983.10 0.184600
983.30 0.184493
983.50 0.184341
983.70 0.184127
983.90 0.184142
984.10 0.184310
984.30 0.184280
984.40 0.184371
984.60 0.184585
984.80 0.184524
985.00 0.184524
985.20 0.184600
985.40 0.184463
985.60 0.184295
985.80 0.184447
985.90 0.184432
986.10 0.184417
986.30 0.184737
986.50 0.184676
986.70 0.184539
986.90 0.184676
987.10 0.184478
987.30 0.184005
987.40 0.183990
987.60 0.184249
987.80 0.184417
988.00 0.184310
988.20 0.184219
988.40 0.184356
988.60 0.184203
988.80 0.184051
989.00 0.184142
989.10 0.184188
989.30 0.184264
989.50 0.184432
989.70 0.184234
989.90 0.183944
990.10 0.183990
990.30 0.184112
990.50 0.184036
990.70 0.184112
990.80 0.184158
991.00 0.184295
991.20 0.184508
991.40 0.184402
991.60 0.184203
991.80 0.183853
992.00 0.183837
992.20 0.183716
992.40 0.183578
992.50 0.183822
992.70 0.184112
992.90 0.183853
993.10 0.183883
993.30 0.183959
993.50 0.183822
993.70 0.183716
993.90 0.183807
994.10 0.183914
994.30 0.184005
994.50 0.183975
994.60 0.183944
994.80 0.183837
995.00 0.183716
995.20 0.184066
995.40 0.184188
995.60 0.183898
995.80 0.183898
996.00 0.183685
996.20 0.183411
996.40 0.183716
996.50 0.184097
996.70 0.184066
996.90 0.183822
997.10 0.183914
997.30 0.183731
997.50 0.183487
997.70 0.183594
997.90 0.183746
998.10 0.183578
998.30 0.183609
998.50 0.183777
998.70 0.183898
998.90 0.183822
999.00 0.183792
999.20 0.183761
999.40 0.183761
999.60 0.183792
999.80 0.183822
1000.00 0.183670
1000.20 0.183456
1000.40 0.183456
1000.60 0.183731
1000.80 0.184005
1001.00 0.184097
1001.20 0.183746
1001.40 0.183685
1001.60 0.184066
1001.80 0.184173
1001.90 0.183914
1002.10 0.183822
1002.30 0.183777
1002.50 0.183563
1002.70 0.183639
1002.90 0.183609
1003.10 0.183670
1003.30 0.183685
1003.50 0.183746
1003.70 0.183822
1003.90 0.183731
1004.10 0.183578
1004.30 0.183609
1004.50 0.183502
1004.70 0.183365
1004.90 0.183258
1005.00 0.183334
1005.30 0.183655
1005.40 0.183761
1005.60 0.183517
1005.80 0.183197
1006.00 0.183273
1006.20 0.183548
1006.40 0.183624
1006.60 0.183411
1006.80 0.183197
1007.00 0.183472
1007.20 0.183837
1007.40 0.183777
1007.60 0.183685
1007.80 0.183731
1008.00 0.183685
1008.20 0.183456
1008.40 0.183380
1008.60 0.183578
1008.80 0.183731
1009.00 0.183792
1009.20 0.183959
1009.40 0.183792
1009.50 0.183502
1009.80 0.183487
1010.00 0.183441
1010.10 0.183395
1010.30 0.183350
1010.50 0.183655
1010.70 0.183807
1010.90 0.183685
1011.10 0.183426
1011.30 0.183411
1011.50 0.183624
1011.70 0.183563
1011.90 0.183502
1012.10 0.183716
1012.30 0.183624
1012.50 0.183517
1012.70 0.183563
1012.90 0.183517
1013.10 0.183533
1013.30 0.183548
1013.50 0.183609
1013.70 0.183670
1013.90 0.183746
1014.10 0.183883
1014.30 0.183746
1014.50 0.183868
1014.70 0.184036
1014.90 0.183944
1015.10 0.183578
1015.30 0.183365
1015.50 0.183319
1015.70 0.183533
1015.90 0.183761
1016.10 0.183533
1016.30 0.183350
1016.50 0.183517
1016.70 0.183655
1016.90 0.183731
1017.10 0.183716
1017.30 0.183624
1017.50 0.183777
1017.70 0.183746
1017.90 0.183502
1018.10 0.183273
1018.30 0.183350
1018.50 0.183655
1018.70 0.183670
1018.90 0.183563
1019.10 0.183594
1019.30 0.183426
1019.50 0.183517
1019.70 0.183822
1019.90 0.183959
1020.10 0.183975
1020.30 0.183914
1020.50 0.183883
1020.70 0.184066
1020.90 0.184310
1021.10 0.184219
1021.30 0.184127
1021.50 0.183975
1021.70 0.183914
1021.90 0.183868
1022.10 0.183777
1022.30 0.183761
1022.50 0.183716
1022.70 0.183822
1022.90 0.183990
1023.10 0.183975
1023.30 0.184127
1023.50 0.184371
1023.70 0.184371
1023.90 0.184295
1024.10 0.184051
1024.30 0.183868
1024.50 0.183746
1024.70 0.183807
1024.90 0.183822
1025.10 0.183898
1025.30 0.183898
1025.50 0.184020
1025.70 0.184127
1025.90 0.184005
1026.10 0.183731
1026.30 0.183822
1026.50 0.183990
1026.80 0.184142
1026.90 0.184310
1027.20 0.184219
1027.40 0.184249
1027.60 0.184173
1027.80 0.184158
1028.00 0.184295
1028.20 0.184219
1028.40 0.184203
1028.60 0.184127
1028.80 0.184142
1029.00 0.184173
1029.20 0.184081
1029.40 0.184173
1029.60 0.184295
1029.80 0.184264
1030.00 0.184112
1030.20 0.184112
1030.40 0.184066
1030.60 0.184112
1030.80 0.184097
1031.00 0.184219
1031.20 0.184310
1031.40 0.184127
1031.70 0.184127
1031.80 0.184127
1032.10 0.184112
1032.30 0.184051
1032.50 0.184112
1032.70 0.184310
1032.90 0.184264
1033.10 0.184127
1033.30 0.184173
1033.50 0.184249
1033.70 0.184325
1033.90 0.184203
1034.10 0.184264
1034.30 0.184295
1034.50 0.184386
1034.70 0.184554
1034.90 0.184325
1035.20 0.184264
1035.40 0.184463
1035.60 0.184188
1035.80 0.184051
1036.00 0.184142
1036.20 0.184402
1036.40 0.184661
1036.60 0.184630
1036.80 0.184432
1037.00 0.184432
1037.20 0.184432
1037.40 0.184554
1037.60 0.184676
1037.80 0.184615
1038.10 0.184447
1038.30 0.184295
1038.50 0.184386
1038.70 0.184554
1038.90 0.184768
1039.10 0.184768
1039.30 0.184722
1039.50 0.184859
1039.70 0.184844
1039.90 0.184768
1040.10 0.184783
1040.30 0.184935
1040.60 0.184951
1040.80 0.184951
1041.00 0.184905
1041.20 0.184859
1041.40 0.184981
1041.60 0.185012
1041.80 0.184798
1042.00 0.184676
1042.20 0.184859
1042.40 0.185027
1042.60 0.184890
1042.80 0.184783
1043.10 0.184798
1043.30 0.184874
1043.50 0.185027
1043.70 0.185179
1043.90 0.185118
1044.10 0.184966
1044.30 0.184981
1044.50 0.184905
1044.80 0.184890
1045.00 0.185012
1045.20 0.185042
1045.40 0.185042
1045.60 0.185027
1045.80 0.185103
1046.00 0.185134
1046.20 0.185012
1046.40 0.185012
1046.60 0.185179
1046.90 0.185179
1047.10 0.185164
1047.30 0.185362
1047.50 0.185271
1047.70 0.185164
1047.90 0.185240
1048.10 0.185301
1048.30 0.185301
1048.60 0.185332
1048.80 0.185240
1049.00 0.185286
1049.20 0.185317
1049.40 0.185301
1049.60 0.185362
1049.80 0.185378
1050.00 0.185469
1050.30 0.185591
1050.50 0.185469
1050.70 0.185545
1050.90 0.185622
1051.10 0.185622
1051.30 0.185500
1051.50 0.185362
1051.70 0.185301
1051.90 0.185439
1052.20 0.185713
1052.40 0.185881
1052.60 0.185530
1052.80 0.185576
1053.00 0.185698
1053.20 0.185713
1053.40 0.185820
1053.70 0.185713
1053.90 0.185576
1054.10 0.185774
1054.30 0.186018
1054.50 0.186064
1054.70 0.185972
1054.90 0.185911
1055.20 0.185911
1055.40 0.185789
1055.60 0.185805
1055.80 0.185881
1056.00 0.185881
1056.20 0.185942
1056.40 0.185972
1056.70 0.185911
1056.90 0.185835
1057.10 0.185866
1057.30 0.185927
1057.50 0.185911
1057.80 0.185881
1058.00 0.186049
1058.20 0.186201
1058.40 0.186186
1058.60 0.186232
1058.80 0.186293
1059.00 0.186216
1059.30 0.186277
1059.50 0.186247
1059.70 0.186125
1059.90 0.186155
1060.10 0.186369
1060.30 0.186430
1060.60 0.186567
1060.80 0.186643
1061.00 0.186415
1061.20 0.186369
1061.40 0.186384
1061.70 0.186399
1061.90 0.186521
1062.10 0.186537
1062.30 0.186415
1062.50 0.186491
1062.70 0.186735
1062.90 0.186674
1063.20 0.186674
1063.40 0.186963
1063.60 0.186948
1063.80 0.186735
1064.00 0.186658
1064.30 0.186826
1064.50 0.187040
1064.70 0.187040
1064.90 0.187040
1065.10 0.187223
1065.30 0.187116
1065.60 0.186933
1065.80 0.186887
1066.00 0.186857
1066.20 0.187070
1066.40 0.187238
1066.70 0.187177
1066.90 0.187177
1067.10 0.187192
1067.30 0.187253
1067.60 0.187299
1067.80 0.187390
1068.00 0.187512
1068.20 0.187482
1068.40 0.187406
1068.70 0.187436
1068.90 0.187268
1069.10 0.187146
1069.30 0.187284
1069.50 0.187253
1069.80 0.187314
1070.00 0.187329
1070.20 0.187421
1070.40 0.187558
1070.60 0.187695
1070.80 0.187695
1071.10 0.187589
1071.30 0.187634
1071.50 0.187650
1071.70 0.187680
1072.00 0.187726
1072.20 0.187711
1072.40 0.187711
1072.60 0.187802
1072.80 0.187909
1073.10 0.187848
1073.30 0.187955
1073.50 0.188199
1073.70 0.188168
1074.00 0.187985
1074.20 0.187955
1074.40 0.188046
1074.60 0.188107
1074.80 0.188229
1075.10 0.188382
1075.30 0.188229
1075.50 0.188138
1075.70 0.188260
1076.00 0.188321
1076.20 0.188214
1076.40 0.188229
1076.60 0.188427
1076.90 0.188382
1077.10 0.188366
1077.30 0.188549
1077.50 0.188671
1077.80 0.188671
1078.00 0.188702
1078.20 0.188565
1078.40 0.188580
1078.70 0.188748
1078.90 0.188854
1079.10 0.188748
1079.30 0.188717
1079.60 0.188610
1079.80 0.188626
1080.00 0.188717
1080.20 0.188687
1080.40 0.188717
1080.70 0.188809
1080.90 0.188687
1081.10 0.188671
1081.30 0.188824
1081.60 0.188732
1081.80 0.188931
1082.00 0.189159
1082.30 0.189205
1082.50 0.189175
1082.70 0.189007
1082.90 0.188931
1083.20 0.189144
1083.40 0.189220
1083.60 0.189236
1083.80 0.189159
1084.10 0.189098
1084.30 0.189144
1084.50 0.189327
1084.80 0.189540
1085.00 0.189556
1085.20 0.189571
1085.40 0.189495
1085.70 0.189388
1085.90 0.189464
1086.10 0.189525
1086.30 0.189556
1086.60 0.189571
1086.80 0.189586
1087.00 0.189800
1087.30 0.189983
1087.50 0.189937
1087.70 0.189891
1087.90 0.189800
1088.20 0.189845
1088.40 0.189967
1088.60 0.190059
1088.80 0.190013
1089.10 0.189922
1089.30 0.189861
1089.50 0.189952
1089.80 0.190074
1090.00 0.190196
1090.20 0.190272
1090.40 0.190410
1090.70 0.190333
1090.90 0.190227
1091.10 0.190227
1091.40 0.190196
1091.60 0.190333
1091.80 0.190455
1092.10 0.190364
1092.30 0.190394
1092.50 0.190379
1092.80 0.190333
1093.00 0.190425
1093.20 0.190562
1093.40 0.190638
1093.70 0.190623
1093.90 0.190593
1094.10 0.190638
1094.40 0.190791
1094.60 0.190821
1094.80 0.190608
1095.10 0.190654
1095.30 0.190959
1095.50 0.191004
1095.80 0.190898
1096.00 0.190928
1096.20 0.190898
1096.40 0.190959
1096.70 0.191050
1096.90 0.191004
1097.10 0.191111
1097.40 0.191203
1097.60 0.191203
1097.80 0.191279
1098.10 0.191264
1098.30 0.191279
1098.50 0.191279
1098.80 0.191187
1099.00 0.191126
1099.20 0.191248
1099.50 0.191447
1099.70 0.191492
1099.90 0.191523
1100.20 0.191508
1100.40 0.191462
1100.60 0.191447
1100.90 0.191538
1101.10 0.191614
1101.30 0.191660
1101.60 0.191721
1101.80 0.191797
1102.00 0.191813
1102.30 0.191813
1102.50 0.191874
1102.70 0.191904
1103.00 0.191874
1103.20 0.191843
1103.40 0.191782
1103.70 0.191889
1103.90 0.192011
1104.20 0.191996
1104.40 0.192087
1104.60 0.192255
1104.90 0.192057
1105.10 0.191858
1105.30 0.191965
1105.60 0.192087
1105.80 0.192133
1106.00 0.192224
1106.30 0.192163
1106.50 0.192178
1106.70 0.192316
1107.00 0.192361
1107.20 0.192361
1107.40 0.192422
1107.70 0.192529
1107.90 0.192590
1108.20 0.192621
1108.40 0.192666
1108.60 0.192651
1108.90 0.192697
1109.10 0.192697
1109.30 0.192666
1109.60 0.192758
1109.80 0.192804
1110.10 0.192773
1110.30 0.192727
1110.50 0.192834
1110.80 0.192941
1111.00 0.192910
1111.30 0.192910
1111.50 0.193002
1111.70 0.193002
1112.00 0.192956
1112.20 0.192895
1112.40 0.193048
1112.70 0.193215
1112.90 0.193200
1113.20 0.193063
1113.40 0.193109
1113.60 0.193246
1113.90 0.193292
1114.10 0.193353
1114.30 0.193429
1114.60 0.193414
1114.80 0.193398
1115.10 0.193353
1115.30 0.193429
1115.60 0.193520
1115.80 0.193490
1116.00 0.193536
1116.30 0.193536
1116.50 0.193536
1116.80 0.193520
1117.00 0.193505
1117.20 0.193597
1117.50 0.193764
1117.70 0.193673
1118.00 0.193703
1118.20 0.193780
1118.40 0.193841
1118.70 0.193947
1118.90 0.194008
1119.20 0.193947
1119.40 0.193932
1119.70 0.193963
1119.90 0.193963
1120.10 0.194100
1120.40 0.194161
1120.60 0.194054
1120.90 0.194054
1121.10 0.194069
1121.30 0.194085
1121.60 0.194176
1121.80 0.194329
1122.10 0.194313
1122.30 0.194252
1122.60 0.194344
1122.80 0.194466
1123.00 0.194374
1123.30 0.194359
1123.50 0.194573
1123.80 0.194618
1124.00 0.194435
1124.30 0.194451
1124.50 0.194496
1124.80 0.194405
1125.00 0.194435
1125.20 0.194573
1125.50 0.194634
1125.70 0.194801
1126.00 0.194801
1126.20 0.194679
1126.50 0.194695
1126.70 0.194771
1126.90 0.194832
1127.20 0.194923
1127.40 0.194862
1127.70 0.194786
1127.90 0.194862
1128.20 0.194938
1128.40 0.194984
1128.70 0.195045
1128.90 0.195137
1129.20 0.195060
1129.40 0.194969
1129.70 0.195030
1129.90 0.195121
1130.10 0.195091
1130.40 0.195045
1130.60 0.195121
1130.90 0.195106
1131.10 0.194984
1131.40 0.195060
1131.60 0.195289
1131.90 0.195411
1132.10 0.195381
1132.40 0.195320
1132.60 0.195350
1132.90 0.195533
1133.10 0.195548
1133.30 0.195533
1133.60 0.195686
1133.80 0.195701
1134.10 0.195686
1134.30 0.195701
1134.60 0.195625
1134.80 0.195564
1135.10 0.195609
1135.30 0.195716
1135.60 0.195731
1135.80 0.195731
1136.10 0.195808
1136.30 0.195914
1136.60 0.195914
1136.80 0.195762
1137.10 0.195762
1137.30 0.195869
1137.60 0.195960
1137.80 0.196021
1138.10 0.196036
1138.30 0.195945
1138.60 0.195930
1138.80 0.196036
1139.10 0.196082
1139.30 0.196082
1139.60 0.196204
1139.80 0.196265
1140.10 0.196311
1140.30 0.196296
1140.60 0.196311
1140.80 0.196387
1141.10 0.196341
1141.30 0.196250
1141.60 0.196402
1141.80 0.196494
1142.10 0.196235
1142.30 0.196250
1142.60 0.196402
1142.80 0.196311
1143.10 0.196204
1143.30 0.196219
1143.60 0.196372
1143.90 0.196509
1144.10 0.196646
1144.40 0.196677
1144.60 0.196601
1144.90 0.196631
1145.10 0.196753
1145.40 0.196814
1145.60 0.196707
1145.90 0.196738
1146.10 0.196753
1146.40 0.196799
1146.60 0.197028
1146.90 0.197058
1147.20 0.196982
1147.40 0.196921
1147.70 0.196906
1147.90 0.196982
1148.20 0.197058
1148.40 0.197028
1148.70 0.197028
1148.90 0.197104
1149.20 0.197211
1149.40 0.197043
1149.70 0.196982
1149.90 0.197134
1150.20 0.197226
1150.40 0.197211
1150.70 0.197317
1151.00 0.197424
1151.20 0.197363
1151.50 0.197348
1151.70 0.197409
1152.00 0.197378
1152.20 0.197439
1152.50 0.197516
1152.80 0.197455
1153.00 0.197439
1153.30 0.197409
1153.50 0.197378
1153.80 0.197531
1154.00 0.197622
1154.30 0.197653
1154.60 0.197714
1154.80 0.197759
1155.10 0.197729
1155.30 0.197759
1155.60 0.197775
1155.80 0.197775
1156.10 0.197790
1156.40 0.197775
1156.60 0.197897
1156.90 0.197958
1157.10 0.197912
1157.40 0.197820
1157.70 0.197790
1157.90 0.197866
1158.20 0.197958
1158.40 0.198003
1158.70 0.197942
1158.90 0.197942
1159.20 0.197927
1159.50 0.198049
1159.70 0.198095
1160.00 0.198156
1160.20 0.198171
1160.50 0.198125
1160.80 0.198217
1161.00 0.198308
1161.30 0.198263
1161.50 0.198232
1161.80 0.198278
1162.10 0.198339
1162.30 0.198293
1162.60 0.198247
1162.80 0.198369
1163.10 0.198537
1163.40 0.198598
1163.60 0.198613
1163.90 0.198629
1164.20 0.198583
1164.40 0.198537
1164.70 0.198537
1164.90 0.198598
1165.20 0.198690
1165.40 0.198720
1165.70 0.198690
1166.00 0.198613
1166.20 0.198690
1166.50 0.198766
1166.80 0.198720
1167.00 0.198781
1167.30 0.198796
1167.60 0.198812
1167.80 0.198857
1168.10 0.198903
1168.30 0.198918
1168.60 0.198934
1168.90 0.198995
1169.10 0.198995
1169.40 0.198964
1169.70 0.199086
1169.90 0.199193
1170.20 0.199162
1170.40 0.199086
1170.70 0.199117
1171.00 0.199117
1171.30 0.199162
1171.50 0.199223
1171.80 0.199178
1172.00 0.199178
1172.30 0.199269
1172.60 0.199269
1172.80 0.199239
1173.10 0.199361
1173.40 0.199406
1173.60 0.199422
1173.90 0.199345
1174.20 0.199330
1174.40 0.199330
1174.70 0.199391
1175.00 0.199391
1175.20 0.199422
1175.50 0.199467
1175.80 0.199406
1176.00 0.199467
1176.30 0.199528
1176.60 0.199513
1176.80 0.199528
1177.10 0.199559
1177.40 0.199559
1177.60 0.199574
1177.90 0.199711
1178.20 0.199894
1178.40 0.199879
1178.70 0.199681
1179.00 0.199727
1179.20 0.199757
1179.50 0.199742
1179.80 0.199818
1180.00 0.199879
1180.30 0.199894
1180.60 0.199940
1180.80 0.199925
1181.10 0.199849
1181.40 0.199894
1181.70 0.199986
1181.90 0.200093
1182.20 0.200108
1182.50 0.200138
1182.70 0.200199
1183.00 0.200199
1183.30 0.200276
1183.50 0.200276
1183.80 0.200291
1184.10 0.200291
1184.40 0.200260
1184.60 0.200230
1184.90 0.200230
1185.20 0.200260
1185.40 0.200413
1185.70 0.200428
1186.00 0.200398
1186.30 0.200474
1186.50 0.200519
1186.80 0.200519
1187.10 0.200474
1187.30 0.200443
1187.60 0.200413
1187.90 0.200398
1188.20 0.200504
1188.40 0.200489
1188.70 0.200535
1189.00 0.200535
1189.30 0.200519
1189.50 0.200641
1189.80 0.200794
1190.10 0.200748
1190.30 0.200718
1190.60 0.200779
1190.90 0.200809
1191.20 0.200824
1191.40 0.200946
1191.70 0.200931
1192.00 0.200794
1192.30 0.200763
1192.50 0.200824
1192.80 0.200962
1193.10 0.200992
1193.30 0.200901
1193.60 0.200931
1193.90 0.201023
1194.20 0.201038
1194.40 0.201068
1194.70 0.201084
1195.00 0.201129
1195.30 0.201099
1195.60 0.200992
1195.80 0.201099
1196.10 0.201160
1196.40 0.201236
1196.70 0.201190
1196.90 0.201129
1197.20 0.201297
1197.50 0.201434
1197.80 0.201434
1198.00 0.201328
1198.30 0.201358
1198.60 0.201450
1198.90 0.201450
1199.20 0.201465
1199.40 0.201404
1199.70 0.201389
1200.00 0.201434
1200.30 0.201511
1200.50 0.201495
1200.80 0.201526
1201.10 0.201633
1201.40 0.201648
1201.70 0.201572
1201.90 0.201602
1202.20 0.201709
1202.50 0.201755
1202.80 0.201739
1203.00 0.201724
1203.30 0.201648
1203.60 0.201648
1203.90 0.201785
1204.20 0.201816
1204.40 0.201800
1204.70 0.201800
1205.00 0.201816
1205.30 0.201938
1205.60 0.201983
1205.80 0.201983
1206.10 0.201953
1206.40 0.201922
1206.70 0.201907
1207.00 0.201999
1207.20 0.202029
1207.50 0.201953
1207.80 0.202029
1208.10 0.202121
1208.40 0.202121
1208.70 0.202136
1208.90 0.202182
1209.20 0.202212
1209.50 0.202243
1209.80 0.202258
1210.10 0.202319
1210.30 0.202319
1210.60 0.202319
1210.90 0.202304
1211.20 0.202304
1211.50 0.202349
1211.80 0.202410
1212.00 0.202395
1212.30 0.202304
1212.60 0.202349
1212.90 0.202487
1213.20 0.202548
1213.50 0.202609
1213.70 0.202624
1214.00 0.202517
1214.30 0.202563
1214.60 0.202654
1214.90 0.202715
1215.20 0.202807
1215.40 0.202853
1215.70 0.202807
1216.00 0.202761
1216.30 0.202822
1216.60 0.202837
1216.90 0.202792
1217.20 0.202776
1217.40 0.202853
1217.70 0.202883
1218.00 0.202898
1218.30 0.202975
1218.60 0.202944
1218.90 0.202853
1219.20 0.202853
1219.40 0.202883
1219.70 0.202883
1220.00 0.202944
1220.30 0.203127
1220.60 0.203249
1220.90 0.203127
1221.20 0.203097
1221.50 0.203142
1221.80 0.203203
1222.00 0.203173
1222.30 0.203264
1222.60 0.203340
1222.90 0.203295
1223.20 0.203310
1223.50 0.203371
1223.80 0.203371
1224.10 0.203310
1224.30 0.203280
1224.60 0.203340
1224.90 0.203462
1225.20 0.203493
1225.50 0.203462
1225.80 0.203478
1226.10 0.203554
1226.40 0.203661
1226.70 0.203630
1227.00 0.203569
1227.30 0.203584
1227.50 0.203645
1227.80 0.203691
1228.10 0.203737
1228.40 0.203752
1228.70 0.203798
1229.00 0.203798
1229.30 0.203813
1229.60 0.203935
1229.90 0.203996
1230.20 0.203950
1230.40 0.203844
1230.70 0.203828
1231.00 0.203905
1231.30 0.203996
1231.60 0.203996
1231.90 0.203981
1232.20 0.204072
1232.50 0.204072
1232.80 0.204072
1233.10 0.204103
1233.40 0.204103
1233.70 0.204118
1234.00 0.204164
1234.30 0.204164
1234.60 0.204179
1234.80 0.204179
1235.10 0.204240
1235.40 0.204347
1235.70 0.204423
1236.00 0.204332
1236.30 0.204332
1236.60 0.204377
1236.90 0.204438
1237.20 0.204484
1237.50 0.204560
1237.80 0.204652
1238.10 0.204682
1238.40 0.204637
1238.70 0.204606
1239.00 0.204637
1239.30 0.204652
1239.60 0.204667
1239.90 0.204621
1240.20 0.204576
1240.50 0.204530
1240.80 0.204576
1241.10 0.204743
1241.30 0.204774
1241.70 0.204667
1241.90 0.204728
1242.20 0.204820
1242.50 0.204881
1242.80 0.204896
1243.10 0.204942
1243.40 0.204987
1243.70 0.204987
1244.00 0.204942
1244.30 0.204896
1244.60 0.204942
1244.90 0.205033
1245.20 0.205064
1245.50 0.205125
1245.80 0.205170
1246.10 0.205170
1246.40 0.205201
1246.70 0.205170
1247.00 0.205186
1247.30 0.205277
1247.60 0.205399
1247.90 0.205460
1248.20 0.205430
1248.50 0.205353
1248.80 0.205369
1249.10 0.205430
1249.40 0.205399
1249.70 0.205399
1250.00 0.205475
1250.30 0.205567
1250.60 0.205613
1250.90 0.205735
1251.20 0.205674
1251.50 0.205536
1251.80 0.205597
1252.10 0.205689
1252.40 0.205780
1252.80 0.205735
1253.10 0.205628
1253.30 0.205597
1253.70 0.205704
1254.00 0.205780
1254.30 0.205750
1254.60 0.205719
1254.90 0.205765
1255.20 0.205887
1255.50 0.205887
1255.80 0.205887
1256.10 0.205994
1256.40 0.205979
1256.70 0.205918
1257.00 0.205948
1257.30 0.205948
1257.60 0.205948
1257.90 0.206040
1258.20 0.206116
1258.50 0.206177
1258.80 0.206146
1259.10 0.206085
1259.40 0.206100
1259.80 0.206146
1260.10 0.206192
1260.40 0.206299
1260.70 0.206314
1261.00 0.206360
1261.30 0.206390
1261.60 0.206344
1261.90 0.206344
1262.20 0.206375
1262.50 0.206405
1262.80 0.206527
1263.10 0.206512
1263.40 0.206451
1263.70 0.206543
1264.10 0.206604
1264.40 0.206573
1264.70 0.206543
1265.00 0.206573
1265.30 0.206619
1265.60 0.206634
1265.90 0.206756
1266.20 0.206817
1266.50 0.206832
1266.80 0.206817
1267.10 0.206726
1267.40 0.206665
1267.80 0.206817
1268.10 0.206939
1268.40 0.206939
1268.70 0.206848
1269.00 0.206832
1269.30 0.206939
1269.60 0.206954
1269.90 0.207000
1270.20 0.207061
1270.60 0.207107
1270.90 0.207107
1271.20 0.207122
1271.50 0.207076
1271.80 0.207015
1272.10 0.207015
1272.40 0.207031
1272.70 0.207092
1273.10 0.207198
1273.40 0.207305
1273.70 0.207320
1274.00 0.207397
1274.30 0.207427
1274.60 0.207305
1274.90 0.207259
1275.20 0.207305
1275.60 0.207336
1275.90 0.207351
1276.20 0.207366
1276.50 0.207427
1276.80 0.207564
1277.10 0.207625
1277.40 0.207580
1277.80 0.207625
1278.10 0.207656
1278.40 0.207671
1278.70 0.207671
1279.00 0.207717
1279.30 0.207747
1279.70 0.207686
1280.00 0.207625
1280.30 0.207763
1280.60 0.207900
1280.90 0.207869
1281.20 0.207808
1281.60 0.207839
1281.90 0.207900
1282.20 0.207961
1282.50 0.208007
1282.80 0.208007
1283.10 0.207976
1283.40 0.208007
1283.80 0.208052
1284.10 0.208052
1284.40 0.208098
1284.70 0.208174
1285.00 0.208190
1285.40 0.208190
1285.70 0.208251
1286.00 0.208235
1286.30 0.208235
1286.60 0.208296
1286.90 0.208251
1287.30 0.208235
1287.60 0.208281
1287.90 0.208342
1288.20 0.208418
1288.60 0.208418
1288.90 0.208373
1289.20 0.208373
1289.50 0.208418
1289.80 0.208479
1290.20 0.208586
1290.50 0.208617
1290.80 0.208617
1291.10 0.208617
1291.40 0.208632
1291.80 0.208617
1292.10 0.208662
1292.40 0.208723
1292.70 0.208723
1293.10 0.208693
1293.40 0.208678
1293.70 0.208769
1294.00 0.208815
1294.30 0.208830
1294.70 0.208815
1295.00 0.208830
1295.30 0.208845
1295.60 0.208860
1296.00 0.208906
1296.30 0.208967
1296.60 0.209043
1296.90 0.209104
1297.30 0.209028
1297.60 0.209059
1297.90 0.209196
1298.20 0.209242
1298.60 0.209226
1298.90 0.209120
1299.20 0.209135
1299.50 0.209211
1299.90 0.209272
1300.20 0.209287
1300.50 0.209211
1300.80 0.209226
1301.20 0.209333
1301.50 0.209440
1301.80 0.209486
1302.10 0.209409
1302.50 0.209348
1302.80 0.209348
1303.10 0.209425
1303.40 0.209531
1303.80 0.209516
1304.10 0.209531
1304.40 0.209577
1304.80 0.209547
1305.10 0.209531
1305.40 0.209592
1305.80 0.209653
1306.10 0.209669
1306.40 0.209714
1306.70 0.209775
1307.10 0.209730
1307.40 0.209760
1307.70 0.209836
1308.10 0.209867
1308.40 0.209913
1308.70 0.209958
1309.10 0.209958
1309.40 0.209974
1309.70 0.210019
1310.00 0.210019
1310.40 0.209989
1310.70 0.210004
1311.00 0.210065
1311.40 0.210157
1311.70 0.210141
1312.00 0.210141
1312.40 0.210218
1312.70 0.210111
1313.00 0.209989
1313.40 0.210065
1313.70 0.210202
1314.00 0.210279
1314.40 0.210294
1314.70 0.210309
1315.00 0.210340
1315.40 0.210355
1315.70 0.210355
1316.00 0.210370
1316.40 0.210431
1316.70 0.210507
1317.00 0.210553
1317.40 0.210568
1317.70 0.210629
1318.00 0.210629
1318.40 0.210629
1318.70 0.210660
1319.00 0.210721
1319.40 0.210736
1319.70 0.210675
1320.10 0.210690
1320.40 0.210645
1320.70 0.210629
1321.10 0.210736
1321.40 0.210812
1321.70 0.210828
1322.10 0.210858
1322.40 0.210843
1322.70 0.210873
1323.10 0.210873
1323.40 0.210858
1323.80 0.210873
1324.10 0.210904
1324.40 0.210873
1324.80 0.210904
1325.10 0.211041
1325.40 0.211148
1325.80 0.211194
1326.10 0.211224
1326.50 0.211209
1326.80 0.211224
1327.10 0.211285
1327.50 0.211316
1327.80 0.211377
1328.20 0.211392
1328.50 0.211285
1328.80 0.211285
1329.20 0.211331
1329.50 0.211361
1329.90 0.211422
1330.20 0.211468
1330.60 0.211499
1330.90 0.211468
1331.20 0.211438
1331.60 0.211529
1331.90 0.211605
1332.30 0.211560
1332.60 0.211575
1332.90 0.211636
1333.30 0.211651
1333.60 0.211712
1334.00 0.211712
1334.30 0.211666
1334.70 0.211636
1335.00 0.211636
1335.30 0.211666
1335.70 0.211712
1336.00 0.211742
1336.40 0.211803
1336.70 0.211895
1337.10 0.211895
1337.40 0.211849
1337.80 0.211880
1338.10 0.211941
1338.40 0.211956
1338.80 0.211971
1339.10 0.212002
1339.50 0.211971
1339.80 0.212017
1340.20 0.212078
1340.50 0.212139
1340.90 0.212124
1341.20 0.212139
1341.60 0.212124
1341.90 0.212124
1342.30 0.212230
1342.60 0.212230
1342.90 0.212154
1343.30 0.212200
1343.70 0.212322
1344.00 0.212429
1344.30 0.212444
1344.70 0.212398
1345.00 0.212413
1345.40 0.212444
1345.70 0.212429
1346.10 0.212398
1346.40 0.212383
1346.80 0.212398
1347.10 0.212413
1347.50 0.212413
1347.80 0.212490
1348.20 0.212566
1348.50 0.212612
1348.90 0.212627
1349.20 0.212535
1349.60 0.212413
1349.90 0.212535
1350.30 0.212703
1350.70 0.212673
1351.00 0.212673
1351.40 0.212779
1351.70 0.212856
1352.10 0.212825
1352.40 0.212764
1352.80 0.212749
1353.10 0.212825
1353.50 0.212917
1353.80 0.212932
1354.20 0.212917
1354.50 0.212901
1354.90 0.212917
1355.20 0.212978
1355.60 0.212993
1355.90 0.213008
1356.30 0.213023
1356.70 0.213084
1357.00 0.213115
1357.40 0.213054
1357.70 0.213039
1358.10 0.213069
1358.40 0.213069
1358.80 0.213039
1359.20 0.213084
1359.50 0.213191
1359.90 0.213191
1360.20 0.213176
1360.60 0.213237
1360.90 0.213267
1361.30 0.213283
1361.70 0.213267
1362.00 0.213283
1362.40 0.213405
1362.70 0.213405
1363.10 0.213389
1363.40 0.213359
1363.80 0.213328
1364.20 0.213405
1364.50 0.213450
1364.90 0.213466
1365.20 0.213481
1365.60 0.213511
1365.90 0.213496
1366.30 0.213420
1366.70 0.213435
1367.00 0.213527
1367.40 0.213557
1367.80 0.213572
1368.10 0.213557
1368.50 0.213557
1368.80 0.213588
1369.20 0.213649
1369.60 0.213664
1369.90 0.213588
1370.30 0.213557
1370.70 0.213633
1371.00 0.213725
1371.40 0.213725
1371.70 0.213679
1372.10 0.213633
1372.50 0.213588
1372.80 0.213618
1373.20 0.213694
1373.60 0.213694
1373.90 0.213679
1374.30 0.213740
1374.60 0.213801
1375.00 0.213725
1375.40 0.213710
1375.70 0.213740
1376.10 0.213786
1376.50 0.213725
1376.80 0.213633
1377.20 0.213618
1377.60 0.213649
1377.90 0.213618
1378.30 0.213603
1378.70 0.213710
1379.00 0.213740
1379.40 0.213649
1379.80 0.213618
1380.10 0.213603
1380.50 0.213588
1380.90 0.213633
1381.20 0.213572
1381.60 0.213511
1382.00 0.213527
1382.30 0.213542
1382.70 0.213542
1383.10 0.213511
1383.40 0.213481
1383.80 0.213511
1384.20 0.213496
1384.60 0.213466
1384.90 0.213496
1385.30 0.213496
1385.70 0.213450
1386.00 0.213420
1386.40 0.213405
1386.80 0.213450
1387.20 0.213420
1387.50 0.213298
1387.90 0.213374
1388.30 0.213496
1388.60 0.213466
1389.00 0.213450
1389.40 0.213435
1389.80 0.213374
1390.10 0.213328
1390.50 0.213252
1390.90 0.213161
1391.20 0.213039
1391.60 0.212825
1392.00 0.212490
1392.40 0.212261
1392.70 0.212185
1393.10 0.212291
1393.50 0.212505
1393.90 0.212673
1394.20 0.212795
1394.60 0.212917
1395.00 0.213039
1395.40 0.213115
1395.70 0.213145
1396.10 0.213145
1396.50 0.213039
1396.90 0.212764
1397.20 0.212398
1397.60 0.212002
1398.00 0.211681
1398.40 0.211651
1398.80 0.211697
1399.10 0.211819
1399.50 0.212002
1399.90 0.212215
1400.30 0.212459
1400.60 0.212627
1401.00 0.212703
1401.40 0.212825
1401.80 0.212978
1402.20 0.213115
1402.50 0.213176
1402.90 0.213130
1403.30 0.213039
1403.70 0.212947
1404.10 0.212825
1404.40 0.212596
1404.80 0.212352
1405.20 0.212230
1405.60 0.212246
1406.00 0.212429
1406.30 0.212703
1406.70 0.212886
1407.10 0.213023
1407.50 0.213130
1407.90 0.213237
1408.30 0.213344
1408.60 0.213481
1409.00 0.213618
1409.40 0.213694
1409.80 0.213664
1410.20 0.213664
1410.60 0.213710
1410.90 0.213725
1411.30 0.213725
1411.70 0.213694
1412.10 0.213694
1412.50 0.213664
1412.80 0.213542
1413.20 0.213496
1413.60 0.213618
1414.00 0.213771
1414.40 0.213847
1414.80 0.213908
1415.20 0.214030
1415.60 0.214167
1415.90 0.214198
1416.30 0.214289
1416.70 0.214426
1417.10 0.214579
1417.50 0.214670
1417.90 0.214731
1418.30 0.214823
1418.70 0.214945
1419.00 0.215097
1419.40 0.215173
1419.80 0.215204
1420.20 0.215158
1420.60 0.215204
1421.00 0.215341
1421.40 0.215448
1421.80 0.215463
1422.20 0.215417
1422.50 0.215463
1422.90 0.215494
1423.30 0.215570
1423.70 0.215661
1424.10 0.215738
1424.50 0.215738
1424.90 0.215799
1425.30 0.215844
1425.70 0.215875
1426.10 0.215844
1426.50 0.215814
1426.80 0.215875
1427.20 0.215997
1427.60 0.216073
1428.00 0.216073
1428.40 0.216104
1428.80 0.216134
1429.20 0.216134
1429.60 0.216226
1430.00 0.216256
1430.40 0.216241
1430.80 0.216271
1431.20 0.216332
1431.60 0.216363
1432.00 0.216424
1432.40 0.216485
1432.80 0.216470
1433.20 0.216515
1433.60 0.216546
1433.90 0.216546
1434.30 0.216622
1434.80 0.216653
1435.10 0.216668
1435.50 0.216698
1435.90 0.216729
1436.30 0.216698
1436.70 0.216668
1437.10 0.216714
1437.50 0.216775
1437.90 0.216836
1438.30 0.216866
1438.70 0.216820
1439.10 0.216851
1439.50 0.216912
1439.90 0.216942
1440.30 0.216942
1440.70 0.216927
1441.10 0.216988
1441.50 0.217049
1441.90 0.217125
1442.30 0.217141
1442.70 0.217110
1443.10 0.217095
1443.50 0.217156
1443.90 0.217217
1444.30 0.217232
1444.70 0.217308
1445.10 0.217354
1445.60 0.217339
1445.90 0.217323
1446.30 0.217293
1446.80 0.217323
1447.20 0.217354
1447.60 0.217430
1448.00 0.217491
1448.40 0.217506
1448.80 0.217461
1449.20 0.217415
1449.60 0.217461
1450.00 0.217552
1450.40 0.217583
1450.80 0.217628
1451.20 0.217689
1451.60 0.217735
1452.00 0.217750
1452.40 0.217750
1452.80 0.217750
1453.20 0.217750
1453.70 0.217735
1454.10 0.217781
1454.50 0.217842
1454.90 0.217872
1455.30 0.217903
1455.70 0.217857
1456.10 0.217857
1456.50 0.217949
1456.90 0.217979
1457.30 0.218010
1457.70 0.218071
1458.20 0.218162
1458.60 0.218132
1459.00 0.218086
1459.40 0.218147
1459.80 0.218132
1460.20 0.218193
1460.60 0.218269
1461.00 0.218223
1461.40 0.218193
1461.80 0.218254
1462.30 0.218284
1462.70 0.218284
1463.10 0.218330
1463.50 0.218376
1463.90 0.218360
1464.30 0.218330
1464.70 0.218391
1465.20 0.218467
1465.60 0.218513
1466.00 0.218498
1466.40 0.218437
1466.80 0.218452
1467.20 0.218528
1467.60 0.218543
1468.10 0.218559
1468.50 0.218589
1468.90 0.218604
1469.30 0.218620
1469.70 0.218650
1470.10 0.218650
1470.60 0.218681
1471.00 0.218757
1471.40 0.218787
1471.80 0.218833
1472.20 0.218864
1472.60 0.218833
1473.10 0.218803
1473.50 0.218818
1473.90 0.218833
1474.30 0.218818
1474.70 0.218864
1475.20 0.218970
1475.60 0.218955
1476.00 0.218955
1476.40 0.219001
1476.80 0.219047
1477.30 0.219077
1477.70 0.219047
1478.10 0.219062
1478.50 0.219123
1478.90 0.219123
1479.40 0.219138
1479.80 0.219153
1480.20 0.219108
1480.60 0.219138
1481.10 0.219169
1481.50 0.219169
1481.90 0.219169
1482.30 0.219199
1482.80 0.219199
1483.20 0.219214
1483.60 0.219275
1484.00 0.219367
1484.40 0.219413
1484.90 0.219367
1485.30 0.219306
1485.70 0.219336
1486.20 0.219352
1486.60 0.219367
1487.00 0.219443
1487.40 0.219504
1487.90 0.219519
1488.30 0.219504
1488.70 0.219504
1489.10 0.219580
1489.60 0.219580
1490.00 0.219504
1490.40 0.219519
1490.80 0.219596
1491.30 0.219626
1491.70 0.219580
1492.10 0.219535
1492.60 0.219565
1493.00 0.219596
1493.40 0.219641
1493.90 0.219702
1494.30 0.219718
1494.70 0.219748
1495.20 0.219779
1495.60 0.219779
1496.00 0.219779
1496.40 0.219824
1496.90 0.219855
1497.30 0.219840
1497.70 0.219885
1498.20 0.219901
1498.60 0.219901
1499.00 0.219931
1499.50 0.219931
1499.90 0.219931
1500.30 0.219931
1500.80 0.219992
1501.20 0.220053
1501.70 0.220007
1502.10 0.219962
1502.50 0.220053
1502.90 0.220129
1503.40 0.220175
1503.80 0.220175
1504.30 0.220129
1504.70 0.220160
1505.10 0.220175
1505.60 0.220175
1506.00 0.220205
1506.40 0.220221
1506.90 0.220236
1507.30 0.220221
1507.80 0.220190
1508.20 0.220190
1508.60 0.220221
1509.10 0.220312
1509.50 0.220404
1510.00 0.220404
1510.40 0.220404
1510.80 0.220419
1511.30 0.220404
1511.70 0.220419
1512.20 0.220434
1512.60 0.220404
1513.00 0.220434
1513.50 0.220510
1513.90 0.220541
1514.40 0.220526
1514.80 0.220541
1515.30 0.220541
1515.70 0.220556
1516.10 0.220587
1516.60 0.220602
1517.00 0.220571
1517.50 0.220541
1517.90 0.220632
1518.40 0.220739
1518.80 0.220770
1519.30 0.220754
1519.70 0.220770
1520.10 0.220770
1520.60 0.220739
1521.00 0.220739
1521.50 0.220724
1521.90 0.220754
1522.40 0.220770
1522.80 0.220739
1523.30 0.220754
1523.70 0.220815
1524.20 0.220815
1524.60 0.220846
1525.10 0.220922
1525.50 0.220876
1525.90 0.220876
1526.40 0.220937
1526.80 0.220922
1527.30 0.220907
1527.80 0.220922
1528.20 0.220953
1528.70 0.220937
1529.10 0.220983
1529.60 0.221090
1530.00 0.221120
1530.50 0.221105
1530.90 0.221136
1531.40 0.221151
1531.80 0.221120
1532.30 0.221105
1532.70 0.221120
1533.20 0.221136
1533.60 0.221166
1534.10 0.221181
1534.50 0.221197
1535.00 0.221212
1535.40 0.221258
1535.90 0.221258
1536.30 0.221212
1536.80 0.221288
1537.30 0.221349
1537.70 0.221349
1538.20 0.221288
1538.60 0.221288
1539.10 0.221334
1539.60 0.221364
1540.00 0.221395
1540.50 0.221425
1540.90 0.221395
1541.40 0.221380
1541.80 0.221395
1542.30 0.221410
1542.80 0.221380
1543.20 0.221410
1543.70 0.221471
1544.10 0.221502
1544.60 0.221517
1545.10 0.221486
1545.50 0.221517
1546.00 0.221578
1546.40 0.221593
1546.90 0.221624
1547.40 0.221654
1547.80 0.221669
1548.30 0.221639
1548.80 0.221608
1549.20 0.221639
1549.70 0.221685
1550.10 0.221685
1550.60 0.221685
1551.10 0.221700
1551.50 0.221685
1552.00 0.221715
1552.40 0.221730
1552.90 0.221700
1553.40 0.221715
1553.80 0.221822
1554.30 0.221852
1554.80 0.221868
1555.30 0.221868
1555.70 0.221837
1556.20 0.221822
1556.70 0.221883
1557.10 0.221913
1557.60 0.221913
1558.10 0.221929
1558.50 0.221944
1559.00 0.221959
1559.50 0.221974
1559.90 0.222005
1560.40 0.222035
1560.90 0.222035
1561.30 0.222066
1561.80 0.222066
1562.30 0.222035
1562.80 0.222005
1563.20 0.221990
1563.70 0.222066
1564.20 0.222127
1564.60 0.222127
1565.10 0.222112
1565.60 0.222066
1566.10 0.222096
1566.50 0.222112
1567.00 0.222127
1567.50 0.222203
1567.90 0.222218
1568.40 0.222173
1568.90 0.222157
1569.40 0.222188
1569.80 0.222249
1570.30 0.222279
1570.80 0.222310
1571.30 0.222249
1571.80 0.222279
1572.20 0.222310
1572.70 0.222279
1573.20 0.222325
1573.70 0.222340
1574.10 0.222356
1574.60 0.222371
1575.10 0.222386
1575.60 0.222401
1576.10 0.222432
1576.50 0.222432
1577.00 0.222417
1577.50 0.222432
1578.00 0.222493
1578.40 0.222523
1578.90 0.222539
1579.40 0.222554
1579.90 0.222569
1580.40 0.222554
1580.90 0.222523
1581.30 0.222539
1581.80 0.222523
1582.30 0.222539
1582.80 0.222569
1583.30 0.222569
1583.80 0.222600
1584.20 0.222615
1584.70 0.222584
1585.20 0.222600
1585.70 0.222600
1586.20 0.222615
1586.70 0.222691
1587.20 0.222752
1587.60 0.222722
1588.10 0.222737
1588.60 0.222737
1589.10 0.222706
1589.60 0.222706
1590.10 0.222722
1590.60 0.222767
1591.00 0.222813
1591.50 0.222843
1592.00 0.222843
1592.50 0.222874
1593.00 0.222874
1593.50 0.222843
1594.00 0.222828
1594.50 0.222889
1595.00 0.222889
1595.40 0.222859
1595.90 0.222920
1596.40 0.222935
1596.90 0.222920
1597.40 0.222950
1597.90 0.222981
1598.40 0.222965
1598.90 0.222981
1599.40 0.222965
1599.90 0.222950
1600.40 0.222996
1600.90 0.223011
1601.40 0.223026
1601.90 0.223057
1602.30 0.223057
1602.80 0.223087
1603.30 0.223133
1603.80 0.223118
1604.30 0.223103
1604.80 0.223118
1605.30 0.223164
1605.80 0.223164
1606.30 0.223118
1606.80 0.223133
1607.30 0.223164
1607.80 0.223164
1608.30 0.223179
1608.80 0.223209
1609.30 0.223225
1609.80 0.223255
1610.30 0.223286
1610.80 0.223286
1611.30 0.223270
1611.80 0.223255
1612.30 0.223255
1612.80 0.223255
1613.30 0.223286
1613.80 0.223301
1614.30 0.223316
1614.80 0.223347
1615.30 0.223347
1615.80 0.223377
1616.30 0.223377
1616.80 0.223377
1617.30 0.223408
1617.80 0.223423
1618.40 0.223408
1618.90 0.223362
1619.40 0.223377
1619.90 0.223438
1620.40 0.223438
1620.90 0.223438
1621.40 0.223499
1621.90 0.223530
1622.40 0.223514
1622.90 0.223514
1623.40 0.223499
1623.90 0.223469
1624.40 0.223469
1624.90 0.223514
1625.50 0.223530
1626.00 0.223560
1626.50 0.223591
1627.00 0.223575
1627.50 0.223560
1628.00 0.223606
1628.50 0.223667
1629.00 0.223697
1629.60 0.223682
1630.10 0.223667
1630.60 0.223697
1631.10 0.223652
1631.60 0.223621
1632.10 0.223652
1632.60 0.223713
1633.10 0.223774
1633.70 0.223789
1634.20 0.223774
1634.70 0.223743
1635.20 0.223743
1635.70 0.223774
1636.20 0.223789
1636.80 0.223819
1637.30 0.223865
1637.80 0.223865
1638.30 0.223835
1638.80 0.223789
1639.30 0.223850
1639.90 0.223865
1640.40 0.223880
1640.90 0.223896
1641.40 0.223911
1641.90 0.223941
1642.40 0.223941
1643.00 0.223880
1643.50 0.223911
1644.00 0.223957
1644.50 0.223987
1645.10 0.223957
1645.60 0.223972
1646.10 0.223987
1646.60 0.224002
1647.20 0.224063
1647.70 0.224018
1648.20 0.223972
1648.70 0.224002
1649.20 0.224002
1649.80 0.224033
1650.30 0.224063
1650.80 0.224079
1651.30 0.224079
1651.90 0.224033
1652.40 0.224018
1652.90 0.224079
1653.40 0.224079
1654.00 0.224048
1654.50 0.224094
1655.00 0.224124
1655.60 0.224079
1656.10 0.224048
1656.60 0.224079
1657.20 0.224140
1657.70 0.224155
1658.20 0.224185
1658.70 0.224216
1659.30 0.224201
1659.80 0.224185
1660.30 0.224201
1660.90 0.224201
1661.40 0.224231
1661.90 0.224292
1662.50 0.224292
1663.00 0.224262
1663.50 0.224201
1664.10 0.224201
1664.60 0.224246
1665.10 0.224292
1665.70 0.224277
1666.20 0.224277
1666.70 0.224338
1667.30 0.224384
1667.80 0.224338
1668.30 0.224292
1668.90 0.224307
1669.40 0.224338
1670.00 0.224384
1670.50 0.224368
1671.00 0.224353
1671.60 0.224353
1672.10 0.224384
1672.70 0.224399
1673.20 0.224414
1673.70 0.224414
1674.30 0.224429
1674.80 0.224414
1675.40 0.224399
1675.90 0.224460
1676.40 0.224506
1677.00 0.224445
1677.50 0.224460
1678.10 0.224521
1678.60 0.224521
1679.20 0.224506
1679.70 0.224460
1680.20 0.224445
1680.80 0.224536
1681.30 0.224551
1681.90 0.224506
1682.40 0.224521
1683.00 0.224628
1683.50 0.224658
1684.10 0.224612
1684.60 0.224597
1685.20 0.224582
1685.70 0.224582
1686.30 0.224582
1686.80 0.224612
1687.30 0.224628
1687.90 0.224643
1688.40 0.224689
1689.00 0.224719
1689.60 0.224689
1690.10 0.224673
1690.70 0.224689
1691.20 0.224704
1691.80 0.224704
1692.30 0.224719
1692.90 0.224704
1693.40 0.224689
1694.00 0.224689
1694.50 0.224704
1695.10 0.224765
1695.60 0.224780
1696.20 0.224750
1696.70 0.224734
1697.30 0.224734
1697.80 0.224765
1698.40 0.224811
1699.00 0.224795
1699.50 0.224795
1700.10 0.224841
1700.60 0.224826
1701.20 0.224811
1701.80 0.224826
1702.30 0.224826
1702.90 0.224826
1703.40 0.224856
1704.00 0.224826
1704.60 0.224826
1705.10 0.224856
1705.70 0.224811
1706.20 0.224795
1706.80 0.224795
1707.40 0.224811
1707.90 0.224841
1708.50 0.224841
1709.00 0.224887
1709.60 0.224978
1710.20 0.224963
1710.70 0.224917
1711.30 0.224933
1711.90 0.224902
1712.40 0.224948
1713.00 0.224963
1713.60 0.224963
1714.10 0.224948
1714.70 0.224963
1715.30 0.224994
1715.80 0.224994
1716.40 0.224978
1717.00 0.224994
1717.50 0.225009
1718.10 0.225009
1718.70 0.224978
1719.20 0.224963
1719.80 0.225039
1720.40 0.225085
1721.00 0.225070
1721.50 0.225085
1722.10 0.225085
1722.70 0.225055
1723.20 0.225070
1723.80 0.225116
1724.40 0.225131
1725.00 0.225161
1725.50 0.225177
1726.10 0.225131
1726.70 0.225070
1727.30 0.225100
1727.80 0.225146
1728.40 0.225100
1729.00 0.225085
1729.60 0.225085
1730.10 0.225100
1730.70 0.225161
1731.30 0.225222
1731.90 0.225192
1732.50 0.225177
1733.00 0.225222
1733.60 0.225238
1734.20 0.225283
1734.80 0.225314
1735.40 0.225268
1735.90 0.225253
1736.50 0.225268
1737.10 0.225253
1737.70 0.225253
1738.30 0.225283
1738.80 0.225314
1739.40 0.225314
1740.00 0.225344
1740.60 0.225405
1741.20 0.225405
1741.80 0.225405
1742.30 0.225390
1742.90 0.225329
1743.50 0.225329
1744.10 0.225360
1744.70 0.225390
1745.30 0.225375
1745.90 0.225344
1746.50 0.225344
1747.10 0.225375
1747.60 0.225390
1748.20 0.225375
1748.80 0.225360
1749.40 0.225344
1750.00 0.225360
1750.60 0.225375
1751.20 0.225421
1751.80 0.225451
1752.40 0.225451
1753.00 0.225466
1753.60 0.225436
1754.10 0.225466
1754.70 0.225466
1755.30 0.225436
1755.90 0.225482
1756.50 0.225466
1757.10 0.225436
1757.70 0.225436
1758.30 0.225436
1758.90 0.225436
1759.50 0.225451
1760.10 0.225466
1760.70 0.225497
1761.30 0.225466
1761.90 0.225482
1762.50 0.225497
1763.10 0.225512
1763.70 0.225543
1764.30 0.225558
1764.90 0.225558
1765.50 0.225573
1766.10 0.225558
1766.70 0.225588
1767.30 0.225619
1767.90 0.225603
1768.50 0.225573
1769.10 0.225558
1769.70 0.225588
1770.30 0.225588
1770.90 0.225588
1771.50 0.225558
1772.10 0.225558
1772.70 0.225619
1773.30 0.225603
1773.90 0.225588
1774.60 0.225634
1775.20 0.225664
1775.80 0.225634
1776.40 0.225619
1777.00 0.225619
1777.60 0.225603
1778.20 0.225603
1778.80 0.225619
1779.40 0.225634
1780.00 0.225634
1780.70 0.225649
1781.30 0.225649
1781.90 0.225649
1782.50 0.225634
1783.10 0.225634
1783.70 0.225680
1784.30 0.225695
1784.90 0.225680
1785.60 0.225725
1786.20 0.225771
1786.80 0.225710
1787.40 0.225680
1788.00 0.225695
1788.60 0.225710
1789.30 0.225741
1789.90 0.225771
1790.50 0.225771
1791.10 0.225771
1791.70 0.225741
1792.30 0.225710
1793.00 0.225680
1793.60 0.225725
1794.20 0.225756
1794.80 0.225802
1795.40 0.225817
1796.10 0.225786
1796.70 0.225741
1797.30 0.225756
1797.90 0.225786
1798.60 0.225756
1799.20 0.225771
1799.80 0.225771
1800.40 0.225802
1801.10 0.225832
1801.70 0.225832
1802.30 0.225771
1802.90 0.225756
1803.60 0.225771
1804.20 0.225832
1804.80 0.225832
1805.40 0.225802
1806.10 0.225786
1806.70 0.225817
1807.30 0.225802
1808.00 0.225786
1808.60 0.225802
1809.20 0.225832
1809.90 0.225878
1810.50 0.225878
1811.10 0.225863
1811.80 0.225863
1812.40 0.225847
1813.00 0.225863
1813.70 0.225832
1814.30 0.225832
1814.90 0.225832
1815.60 0.225893
1816.20 0.225908
1816.80 0.225893
1817.50 0.225924
1818.10 0.225924
1818.80 0.225893
1819.40 0.225893
1820.00 0.225878
1820.70 0.225863
1821.30 0.225863
1821.90 0.225893
1822.60 0.225893
1823.20 0.225893
1823.90 0.225878
1824.50 0.225878
1825.20 0.225908
1825.80 0.225924
1826.40 0.225908
1827.10 0.225893
1827.70 0.225924
1828.40 0.225954
1829.00 0.225939
1829.70 0.225939
1830.30 0.225939
1831.00 0.225969
1831.60 0.225985
1832.30 0.225969
1832.90 0.225954
1833.60 0.225939
1834.20 0.225893
1834.80 0.225893
1835.50 0.225939
1836.10 0.225954
1836.80 0.225908
1837.40 0.225954
1838.10 0.226030
1838.80 0.225985
1839.40 0.226030
1840.10 0.226030
1840.70 0.226000
1841.40 0.226000
1842.00 0.226030
1842.70 0.226000
1843.30 0.225969
1844.00 0.225924
1844.60 0.225893
1845.30 0.225939
1845.90 0.225985
1846.60 0.226015
1847.30 0.226030
1847.90 0.225954
1848.60 0.225969
1849.20 0.225985
1849.90 0.225924
1850.60 0.225924
1851.20 0.225954
1851.90 0.225954
1852.60 0.226000
1853.20 0.226015
1853.90 0.226030
1854.50 0.226030
1855.20 0.225969
1855.90 0.225939
1856.50 0.225954
1857.20 0.226015
1857.90 0.226000
1858.50 0.225954
1859.20 0.225969
1859.90 0.226015
1860.50 0.226000
1861.20 0.225954
1861.90 0.225939
1862.50 0.225893
1863.20 0.225878
1863.90 0.225954
1864.50 0.225954
1865.20 0.225908
1865.90 0.225924
1866.60 0.225924
1867.20 0.225954
1867.90 0.225985
1868.60 0.225908
1869.20 0.225863
1869.90 0.225832
1870.60 0.225878
1871.30 0.225954
1871.90 0.225939
1872.60 0.225924
1873.30 0.225954
1874.00 0.225954
1874.70 0.225878
1875.30 0.225817
1876.00 0.225802
1876.70 0.225786
1877.40 0.225802
1878.00 0.225786
1878.70 0.225802
1879.40 0.225756
1880.10 0.225695
1880.80 0.225664
1881.40 0.225634
1882.10 0.225603
1882.80 0.225603
1883.50 0.225588
1884.20 0.225603
1884.90 0.225558
1885.60 0.225497
1886.20 0.225436
1886.90 0.225451
1887.60 0.225421
1888.30 0.225375
1889.00 0.225405
1889.70 0.225375
1890.40 0.225329
1891.10 0.225268
1891.80 0.225177
1892.40 0.225100
1893.10 0.225009
1893.80 0.224994
1894.50 0.224978
1895.20 0.224963
1895.90 0.224933
1896.60 0.224887
1897.30 0.224856
1898.00 0.224780
1898.70 0.224673
1899.40 0.224612
1900.10 0.224597
1900.80 0.224551
1901.50 0.224445
1902.20 0.224399
1902.90 0.224368
1903.60 0.224323
1904.30 0.224277
1905.00 0.224262
1905.70 0.224262
1906.40 0.224246
1907.10 0.224246
1907.80 0.224231
1908.50 0.224170
1909.20 0.224140
1909.90 0.224109
1910.60 0.224079
1911.30 0.224048
1912.00 0.224063
1912.70 0.224124
1913.40 0.224201
1914.10 0.224170
1914.80 0.224124
1915.50 0.224124
1916.20 0.224155
1916.90 0.224185
1917.60 0.224155
1918.30 0.224094
1919.10 0.224124
1919.80 0.224170
1920.50 0.224185
1921.20 0.224185
1921.90 0.224201
1922.60 0.224216
1923.30 0.224292
1924.00 0.224307
1924.80 0.224246
1925.50 0.224262
1926.20 0.224292
1926.90 0.224323
1927.60 0.224353
1928.30 0.224353
1929.10 0.224353
1929.80 0.224338
1930.50 0.224323
1931.20 0.224323
1931.90 0.224307
1932.70 0.224323
1933.40 0.224353
1934.10 0.224384
1934.80 0.224399
1935.50 0.224460
1936.30 0.224506
1937.00 0.224460
1937.70 0.224414
1938.40 0.224414
1939.20 0.224429
1939.90 0.224429
1940.60 0.224445
1941.30 0.224429
1942.10 0.224445
1942.80 0.224445
1943.50 0.224399
1944.20 0.224399
1945.00 0.224475
1945.70 0.224506
1946.40 0.224490
1947.20 0.224506
1947.90 0.224567
1948.60 0.224567
1949.40 0.224567
1950.10 0.224551
1950.80 0.224551
1951.60 0.224628
1952.30 0.224643
1953.00 0.224551
1953.80 0.224551
1954.50 0.224612
1955.20 0.224628
1956.00 0.224612
1956.70 0.224612
1957.50 0.224658
1958.20 0.224658
1958.90 0.224628
1959.70 0.224628
1960.40 0.224612
1961.20 0.224628
1961.90 0.224643
1962.60 0.224658
1963.40 0.224673
1964.10 0.224704
1964.90 0.224704
1965.60 0.224673
1966.40 0.224658
1967.10 0.224704
1967.90 0.224719
1968.60 0.224689
1969.30 0.224658
1970.10 0.224704
1970.80 0.224704
1971.60 0.224704
1972.30 0.224689
1973.10 0.224689
1973.80 0.224643
1974.60 0.224658
1975.30 0.224704
1976.10 0.224704
1976.90 0.224673
1977.60 0.224658
1978.40 0.224704
1979.10 0.224704
1979.90 0.224673
1980.60 0.224689
1981.40 0.224719
1982.20 0.224734
1982.90 0.224704
1983.70 0.224719
1984.40 0.224719
1985.20 0.224750
1985.90 0.224765
1986.70 0.224734
1987.50 0.224689
1988.20 0.224734
1989.00 0.224734
1989.80 0.224704
1990.50 0.224689
1991.30 0.224719
1992.10 0.224734
1992.80 0.224734
1993.60 0.224750
1994.30 0.224719
1995.10 0.224704
1995.90 0.224765
1996.70 0.224765
1997.40 0.224750
1998.20 0.224765
1999.00 0.224750
1999.70 0.224750
2000.50 0.224765
2001.30 0.224780
2002.10 0.224795
2002.80 0.224780
2003.60 0.224765
2004.40 0.224734
2005.20 0.224750
2005.90 0.224780
2006.70 0.224780
2007.50 0.224750
2008.30 0.224765
2009.00 0.224765
2009.80 0.224750
2010.60 0.224765
2011.40 0.224750
2012.20 0.224750
2012.90 0.224780
2013.70 0.224811
2014.50 0.224795
2015.30 0.224719
2016.10 0.224719
2016.80 0.224750
2017.60 0.224795
2018.40 0.224811
2019.20 0.224811
2020.00 0.224841
2020.80 0.224826
2021.60 0.224811
2022.30 0.224856
2023.10 0.224841
2023.90 0.224826
2024.70 0.224811
2025.50 0.224811
2026.30 0.224795
2027.10 0.224795
2027.90 0.224780
2028.70 0.224795
2029.50 0.224841
2030.30 0.224841
2031.10 0.224780
2031.90 0.224750
2032.70 0.224780
2033.50 0.224826
2034.30 0.224826
2035.10 0.224795
2035.80 0.224765
2036.70 0.224795
2037.40 0.224887
2038.30 0.224872
2039.10 0.224826
2039.90 0.224811
2040.70 0.224795
2041.50 0.224811
2042.30 0.224826
2043.10 0.224841
2043.90 0.224826
2044.70 0.224811
2045.50 0.224826
2046.30 0.224780
2047.10 0.224750
2047.90 0.224795
2048.70 0.224795
2049.50 0.224765
2050.40 0.224765
2051.20 0.224734
2052.00 0.224719
2052.80 0.224750
2053.60 0.224795
2054.40 0.224841
2055.20 0.224826
2056.00 0.224750
2056.90 0.224704
2057.70 0.224734
2058.50 0.224780
2059.30 0.224734
2060.10 0.224704
2060.90 0.224689
2061.80 0.224658
2062.60 0.224704
2063.40 0.224734
2064.20 0.224750
2065.00 0.224673
2065.90 0.224643
2066.70 0.224612
2067.50 0.224643
2068.30 0.224628
2069.20 0.224551
2070.00 0.224567
2070.80 0.224612
2071.60 0.224597
2072.50 0.224567
2073.30 0.224567
2074.10 0.224582
2075.00 0.224582
2075.80 0.224597
2076.60 0.224582
2077.50 0.224567
2078.30 0.224536
2079.10 0.224506
2080.00 0.224490
2080.80 0.224506
2081.60 0.224490
2082.50 0.224399
2083.30 0.224368
2084.10 0.224384
2085.00 0.224384
2085.80 0.224445
2086.60 0.224429
2087.50 0.224384
2088.30 0.224384
2089.20 0.224338
2090.00 0.224338
2090.90 0.224353
2091.70 0.224353
2092.60 0.224323
2093.40 0.224292
2094.20 0.224262
2095.10 0.224201
2095.90 0.224185
2096.80 0.224216
2097.60 0.224216
2098.50 0.224170
2099.30 0.224109
2100.20 0.224079
2101.00 0.224079
2101.90 0.224079
2102.70 0.224079
2103.60 0.224048
2104.40 0.224033
2105.30 0.224018
2106.10 0.223957
2107.00 0.223880
2107.90 0.223880
2108.70 0.223911
2109.60 0.223911
2110.40 0.223865
2111.30 0.223835
2112.10 0.223850
2113.00 0.223819
2113.90 0.223774
2114.70 0.223774
2115.60 0.223728
2116.50 0.223682
2117.30 0.223697
2118.20 0.223682
2119.10 0.223667
2119.90 0.223682
2120.80 0.223652
2121.70 0.223652
2122.50 0.223667
2123.40 0.223606
2124.30 0.223591
2125.10 0.223575
2126.00 0.223545
2126.90 0.223514
2127.80 0.223514
2128.60 0.223484
2129.50 0.223484
2130.40 0.223530
2131.30 0.223530
2132.10 0.223484
2133.00 0.223438
2133.90 0.223438
2134.80 0.223392
2135.60 0.223347
2136.50 0.223316
2137.40 0.223286
2138.30 0.223270
2139.20 0.223255
2140.10 0.223179
2140.90 0.223164
2141.80 0.223179
2142.70 0.223148
2143.60 0.223103
2144.50 0.223026
2145.40 0.222981
2146.30 0.222920
2147.10 0.222874
2148.00 0.222874
2148.90 0.222843
2149.80 0.222752
2150.70 0.222676
2151.60 0.222630
2152.50 0.222615
2153.40 0.222569
2154.30 0.222478
2155.20 0.222432
2156.10 0.222340
2157.00 0.222279
2157.90 0.222249
2158.80 0.222234
2159.70 0.222157
2160.60 0.222051
2161.50 0.221974
2162.40 0.221929
2163.30 0.221898
2164.20 0.221852
2165.10 0.221730
2166.00 0.221669
2166.90 0.221654
2167.80 0.221669
2168.70 0.221669
2169.60 0.221624
2170.50 0.221532
2171.40 0.221547
2172.30 0.221532
2173.20 0.221471
2174.10 0.221456
2175.10 0.221410
2176.00 0.221349
2176.90 0.221334
2177.80 0.221303
2178.70 0.221242
2179.60 0.221166
2180.60 0.221105
2181.50 0.221075
2182.40 0.221014
2183.30 0.220922
2184.20 0.220907
2185.10 0.220876
2186.10 0.220800
2187.00 0.220724
2187.90 0.220632
2188.80 0.220495
2189.80 0.220419
2190.70 0.220388
2191.60 0.220327
2192.50 0.220282
2193.50 0.220205
2194.40 0.220129
2195.30 0.220053
2196.30 0.219977
2197.20 0.219916
2198.10 0.219809
2199.10 0.219718
2200.00 0.219657
2200.90 0.219565
2201.90 0.219489
2202.80 0.219428
2203.70 0.219382
2204.70 0.219321
2205.60 0.219230
2206.50 0.219153
2207.50 0.219153
2208.40 0.219199
2209.40 0.219214
2210.30 0.219275
2211.20 0.219413
2212.20 0.219565
2213.10 0.219733
2214.10 0.219901
2215.00 0.220038
2216.00 0.220160
2216.90 0.220282
2217.90 0.220358
2218.80 0.220404
2219.80 0.220480
2220.70 0.220465
2221.70 0.220480
2222.60 0.220541
2223.60 0.220602
2224.50 0.220632
2225.50 0.220632
2226.40 0.220632
2227.40 0.220648
2228.40 0.220648
2229.30 0.220617
2230.30 0.220556
2231.20 0.220526
2232.20 0.220480
2233.10 0.220480
2234.10 0.220480
2235.10 0.220404
2236.00 0.220282
2237.00 0.220221
2238.00 0.220144
2238.90 0.220114
2239.90 0.220068
2240.90 0.220053
2241.80 0.220022
2242.80 0.219962
2243.80 0.219946
2244.80 0.219885
2245.70 0.219824
2246.70 0.219809
2247.70 0.219733
2248.60 0.219657
2249.60 0.219626
2250.60 0.219626
2251.60 0.219580
2252.60 0.219535
2253.50 0.219535
2254.50 0.219565
2255.50 0.219535
2256.50 0.219474
2257.50 0.219474
2258.40 0.219474
2259.40 0.219489
2260.40 0.219474
2261.40 0.219458
2262.40 0.219489
2263.40 0.219504
2264.40 0.219519
2265.40 0.219474
2266.30 0.219443
2267.30 0.219428
2268.30 0.219413
2269.30 0.219367
2270.30 0.219306
2271.30 0.219275
2272.30 0.219260
2273.30 0.219230
2274.30 0.219184
2275.30 0.219123
2276.30 0.219031
2277.30 0.218955
2278.30 0.218864
2279.30 0.218772
2280.30 0.218711
2281.30 0.218604
2282.30 0.218437
2283.30 0.218315
2284.30 0.218254
2285.30 0.218132
2286.30 0.217994
2287.30 0.217903
2288.30 0.217827
2289.40 0.217735
2290.40 0.217583
2291.40 0.217445
2292.40 0.217293
2293.40 0.217095
2294.40 0.216973
2295.40 0.216851
2296.40 0.216683
2297.50 0.216500
2298.50 0.216317
2299.50 0.216241
2300.50 0.216210
2301.60 0.216149
2302.60 0.216043
2303.60 0.215921
2304.60 0.215860
2305.60 0.215753
2306.70 0.215661
2307.70 0.215631
2308.70 0.215570
2309.80 0.215524
2310.80 0.215478
2311.80 0.215448
2312.80 0.215417
2313.90 0.215341
2314.90 0.215280
2315.90 0.215234
2317.00 0.215173
2318.00 0.215173
2319.10 0.215128
2320.10 0.215082
2321.10 0.215067
2322.20 0.214975
2323.20 0.214945
2324.30 0.214990
2325.30 0.215006
2326.30 0.214990
2327.40 0.215036
2328.40 0.215097
2329.50 0.215097
2330.50 0.215158
2331.60 0.215234
2332.60 0.215295
2333.70 0.215372
2334.70 0.215433
2335.80 0.215539
2336.80 0.215646
2337.90 0.215722
2338.90 0.215783
2340.00 0.215890
2341.00 0.215936
2342.10 0.216027
2343.10 0.216119
2344.20 0.216165
2345.30 0.216256
2346.30 0.216332
2347.40 0.216348
2348.50 0.216348
2349.50 0.216378
2350.60 0.216378
2351.70 0.216454
2352.70 0.216515
2353.80 0.216561
2354.90 0.216637
2355.90 0.216683
2357.00 0.216698
2358.10 0.216729
2359.10 0.216805
2360.20 0.216836
2361.30 0.216866
2362.40 0.216897
2363.40 0.216912
2364.50 0.216881
2365.60 0.216912
2366.70 0.216912
2367.80 0.216927
2368.90 0.216897
2369.90 0.216851
2371.00 0.216836
2372.10 0.216851
2373.20 0.216790
2374.30 0.216775
2375.40 0.216668
2376.40 0.216561
2377.50 0.216500
2378.60 0.216393
2379.70 0.216271
2380.80 0.216180
2381.90 0.216058
2383.00 0.215982
2384.10 0.215875
2385.20 0.215768
2386.30 0.215646
2387.40 0.215539
2388.50 0.215494
2389.60 0.215463
2390.70 0.215387
2391.80 0.215387
2392.90 0.215387
2394.00 0.215402
2395.10 0.215417
2396.20 0.215433
2397.30 0.215463
2398.40 0.215539
2399.50 0.215585
2400.60 0.215631
2401.80 0.215722
2402.90 0.215783
2404.00 0.215844
2405.10 0.215921
2406.20 0.215966
2407.30 0.216043
2408.50 0.216134
2409.60 0.216210
2410.70 0.216256
2411.80 0.216317
2412.90 0.216409
2414.10 0.216500
2415.20 0.216515
2416.30 0.216561
2417.40 0.216607
2418.60 0.216653
2419.70 0.216653
2420.80 0.216714
2422.00 0.216790
2423.10 0.216805
2424.20 0.216790
2425.40 0.216851
2426.50 0.216912
2427.60 0.216912
2428.80 0.216912
2429.90 0.216942
2431.10 0.216958
2432.20 0.217003
2433.30 0.217019
2434.50 0.217003
2435.60 0.216942
2436.80 0.216973
2437.90 0.216973
2439.10 0.216942
2440.20 0.216942
2441.40 0.216881
2442.50 0.216866
2443.60 0.216927
2444.80 0.216958
2445.90 0.216988
2447.10 0.216988
2448.30 0.216973
2449.40 0.216988
2450.60 0.216973
2451.70 0.216958
2452.90 0.216988
2454.10 0.216973
2455.20 0.216973
2456.40 0.216912
2457.60 0.216820
2458.70 0.216775
2459.90 0.216775
2461.10 0.216744
2462.20 0.216744
2463.40 0.216729
2464.60 0.216714
2465.70 0.216683
2466.90 0.216729
2468.10 0.216714
2469.30 0.216698
2470.40 0.216714
2471.60 0.216744
2472.80 0.216683
2474.00 0.216668
2475.10 0.216637
2476.30 0.216592
2477.50 0.216592
2478.70 0.216622
2479.90 0.216561
2481.10 0.216500
2482.30 0.216485
2483.40 0.216515
2484.60 0.216576
2485.80 0.216561
2487.00 0.216531
2488.20 0.216500
2489.40 0.216485
2490.60 0.216500
2491.80 0.216546
2493.00 0.216607
2494.20 0.216576
2495.40 0.216531
2496.60 0.216546
2497.80 0.216592
2499.00 0.216546
2500.20 0.216546
2501.40 0.216622
2502.60 0.216607
2503.80 0.216561
2505.00 0.216622
2506.30 0.216714
2507.50 0.216683
2508.70 0.216622
2509.90 0.216622
2511.10 0.216622
2512.30 0.216653
2513.50 0.216683
2514.80 0.216698
2516.00 0.216714
2517.20 0.216790
2518.40 0.216820
2519.60 0.216775
2520.90 0.216775
2522.10 0.216820
2523.30 0.216836
2524.60 0.216805
2525.80 0.216714
2527.00 0.216714
2528.20 0.216759
2529.50 0.216790
2530.70 0.216790
2531.90 0.216805
2533.20 0.216805
2534.40 0.216775
2535.70 0.216790
2536.90 0.216836
2538.10 0.216790
2539.40 0.216744
2540.60 0.216729
2541.90 0.216759
2543.10 0.216790
2544.40 0.216759
2545.60 0.216714
2546.90 0.216698
2548.10 0.216729
2549.40 0.216744
2550.60 0.216790
2551.90 0.216775
2553.10 0.216698
2554.40 0.216698
2555.60 0.216668
2556.90 0.216653
2558.20 0.216592
2559.40 0.216576
2560.70 0.216592
2562.00 0.216622
2563.20 0.216546
2564.50 0.216454
2565.80 0.216393
2567.00 0.216378
2568.30 0.216332
2569.60 0.216332
2570.90 0.216271
2572.10 0.216165
2573.40 0.216241
2574.70 0.216241
2576.00 0.216195
2577.30 0.216241
2578.50 0.216165
2579.80 0.216149
2581.10 0.216180
2582.40 0.216149
2583.70 0.216195
2585.00 0.216241
2586.20 0.216104
2587.50 0.216088
2588.80 0.216027
2590.10 0.215997
2591.40 0.215951
2592.70 0.215936
2594.00 0.216058
2595.30 0.216241
2596.60 0.216043
2597.90 0.215890
2599.20 0.215799
2600.50 0.215783
2601.80 0.215768
2603.10 0.215753
2604.40 0.215707
2605.70 0.215707
2607.10 0.215616
2608.40 0.215494
2609.70 0.215448
2611.00 0.215387
2612.30 0.215265
2613.60 0.215219
2614.90 0.215112
2616.30 0.215097
2617.60 0.215097
2618.90 0.214945
2620.20 0.214853
2621.60 0.214731
2622.90 0.214487
2624.20 0.214381
2625.50 0.214259
2626.90 0.214182
2628.20 0.214015
2629.50 0.213862
2630.90 0.213801
2632.20 0.213542
2633.50 0.213206
2634.90 0.213039
2636.20 0.212825
2637.60 0.212612
2638.90 0.212368
2640.20 0.212124
2641.60 0.211834
2642.90 0.211621
2644.30 0.211331
2645.60 0.211087
2647.00 0.210721
2648.30 0.210324
2649.70 0.209867
2651.00 0.209486
2652.40 0.209120
2653.80 0.208708
2655.10 0.208144
2656.50 0.207610
2657.80 0.207031
2659.20 0.206421
2660.60 0.205643
2661.90 0.204926
2663.30 0.204179
2664.70 0.203478
2666.00 0.202593
2667.40 0.201572
2668.80 0.200321
2670.10 0.199101
2671.50 0.197531
2672.90 0.195792
2674.30 0.194130
2675.60 0.192544
2677.00 0.190745
2678.40 0.188732
2679.80 0.186323
2681.20 0.183533
2682.60 0.180407
2684.00 0.176808
2685.40 0.172645
2686.80 0.167964
2688.10 0.162642
2689.50 0.156786
2690.90 0.150321
2692.30 0.143490
2693.70 0.136155
2695.10 0.128683
2696.50 0.121455
2697.90 0.114624
2699.30 0.108281
2700.70 0.102669
2702.10 0.097713
2703.60 0.093947
2705.00 0.091172
2706.40 0.089540
2707.80 0.088839
2709.20 0.088793
2710.60 0.089067
2712.00 0.089647
2713.50 0.090058
2714.90 0.090379
2716.30 0.090409
2717.70 0.089830
2719.10 0.087497
2720.60 0.082953
2722.00 0.079140
2723.40 0.078774
2724.90 0.079933
2726.30 0.080970
2727.70 0.081382
2729.20 0.080147
2730.60 0.076929
2732.00 0.074261
2733.50 0.073483
2734.90 0.073941
2736.40 0.074886
2737.80 0.075908
2739.30 0.076838
2740.70 0.076990
2742.20 0.075725
2743.60 0.074017
2745.10 0.072858
2746.50 0.072888
2748.00 0.073193
2749.40 0.073300
2750.90 0.073559
2752.30 0.073727
2753.80 0.073407
2755.30 0.072843
2756.70 0.072004
2758.20 0.071013
2759.70 0.070479
2761.10 0.070784
2762.60 0.071775
2764.10 0.073163
2765.60 0.074779
2767.00 0.076274
2768.50 0.077509
2770.00 0.078485
2771.50 0.079186
2772.90 0.079674
2774.40 0.079888
2775.90 0.080010
2777.40 0.080162
2778.90 0.080345
2780.40 0.080635
2781.90 0.081001
2783.40 0.081351
2784.90 0.081656
2786.40 0.081931
2787.90 0.082114
2789.40 0.082221
2790.90 0.082419
2792.40 0.082632
2793.90 0.082739
2795.40 0.082785
2796.90 0.082922
2798.40 0.083151
2799.90 0.083303
2801.40 0.083456
2802.90 0.083700
2804.40 0.083867
2806.00 0.084050
2807.50 0.084249
2809.00 0.084447
2810.50 0.084676
2812.10 0.084965
2813.60 0.085240
2815.10 0.085560
2816.60 0.085880
2818.20 0.086231
2819.70 0.086612
2821.20 0.086963
2822.80 0.087314
2824.30 0.087664
2825.80 0.088107
2827.40 0.088518
2828.90 0.088961
2830.50 0.089433
2832.00 0.089830
2833.60 0.090257
2835.10 0.090668
2836.70 0.090989
2838.20 0.091400
2839.80 0.091797
2841.30 0.092117
2842.90 0.092407
2844.40 0.092773
2846.00 0.093093
2847.60 0.093322
2849.10 0.093535
2850.70 0.093810
2852.30 0.093993
2853.80 0.094115
2855.40 0.094313
2857.00 0.094450
2858.60 0.094603
2860.10 0.094694
2861.70 0.094724
2863.30 0.094831
2864.90 0.094923
2866.40 0.095045
2868.00 0.095136
2869.60 0.095228
2871.20 0.095350
2872.80 0.095548
2874.40 0.095716
2876.00 0.095853
2877.60 0.096051
2879.20 0.096249
2880.80 0.096448
2882.40 0.096661
2884.00 0.096844
2885.60 0.096981
2887.20 0.097180
2888.80 0.097363
2890.40 0.097439
2892.00 0.097500
2893.60 0.097576
2895.30 0.097683
2896.90 0.097759
2898.50 0.097759
2900.10 0.097805
2901.70 0.097835
2903.40 0.097805
2905.00 0.097759
2906.60 0.097667
2908.30 0.097622
2909.90 0.097606
2911.50 0.097622
2913.10 0.097744
2914.80 0.097942
2916.40 0.098125
2918.10 0.098308
2919.70 0.098476
2921.40 0.098689
2923.00 0.098872
2924.70 0.099086
2926.30 0.099269
2928.00 0.099391
2929.60 0.099497
2931.30 0.099650
2932.90 0.099863
2934.60 0.100016
2936.30 0.100107
2937.90 0.100275
2939.60 0.100519
2941.20 0.100641
2942.90 0.100702
2944.60 0.100885
2946.30 0.101098
2947.90 0.101205
2949.60 0.101342
2951.30 0.101541
2953.00 0.101724
2954.60 0.101922
2956.30 0.102120
2958.00 0.102273
2959.70 0.102471
2961.40 0.102639
2963.10 0.102791
2964.80 0.103035
2966.50 0.103309
2968.20 0.103553
2969.90 0.103767
2971.60 0.103950
2973.30 0.104224
2975.00 0.104499
2976.70 0.104758
2978.40 0.105033
2980.10 0.105261
2981.80 0.105490
2983.60 0.105765
2985.30 0.106054
2987.00 0.106268
2988.70 0.106573
2990.40 0.106893
2992.20 0.107213
2993.90 0.107518
2995.60 0.107732
2997.40 0.107960
2999.10 0.108235
3000.80 0.108525
3002.60 0.108799
3004.30 0.109012
3006.00 0.109211
3007.80 0.109455
3009.50 0.109790
3011.30 0.110080
3013.00 0.110263
3014.80 0.110415
3016.50 0.110690
3018.30 0.110980
3020.00 0.111269
3021.80 0.111513
3023.60 0.111696
3025.30 0.111894
3027.10 0.112169
3028.90 0.112413
3030.60 0.112672
3032.40 0.112916
3034.20 0.113114
3036.00 0.113297
3037.70 0.113480
3039.50 0.113679
3041.30 0.113984
3043.10 0.114258
3044.90 0.114517
3046.70 0.114746
3048.40 0.114914
3050.20 0.115127
3052.00 0.115386
3053.80 0.115646
3055.60 0.115874
3057.40 0.116179
3059.20 0.116500
3061.10 0.116774
3062.90 0.117033
3064.70 0.117262
3066.50 0.117460
3068.30 0.117750
3070.10 0.117979
3071.90 0.118253
3073.80 0.118665
3075.60 0.118955
3077.40 0.119153
3079.20 0.119504
3081.10 0.119854
3082.90 0.120113
3084.70 0.120327
3086.60 0.120586
3088.40 0.120952
3090.20 0.121349
3092.10 0.121654
3093.90 0.121882
3095.80 0.122203
3097.60 0.122492
3099.50 0.122828
3101.30 0.123209
3103.20 0.123621
3105.00 0.124032
3106.90 0.124368
3108.80 0.124734
3110.60 0.125085
3112.50 0.125435
3114.40 0.125816
3116.20 0.126213
3118.10 0.126701
3120.00 0.127143
3121.90 0.127479
3123.70 0.127814
3125.60 0.128256
3127.50 0.128683
3129.40 0.129095
3131.30 0.129507
3133.20 0.129888
3135.10 0.130284
3137.00 0.130772
3138.90 0.131184
3140.80 0.131580
3142.70 0.132007
3144.60 0.132404
3146.50 0.132739
3148.40 0.133212
3150.30 0.133700
3152.20 0.134142
3154.10 0.134554
3156.10 0.134950
3158.00 0.135362
3159.90 0.135774
3161.80 0.136247
3163.80 0.136658
3165.70 0.137085
3167.60 0.137558
3169.60 0.137985
3171.50 0.138412
3173.40 0.138869
3175.40 0.139357
3177.30 0.139815
3179.30 0.140257
3181.20 0.140638
3183.20 0.141141
3185.10 0.141599
3187.10 0.141980
3189.10 0.142453
3191.00 0.142910
3193.00 0.143383
3194.90 0.143825
3196.90 0.144206
3198.90 0.144694
3200.90 0.145213
3202.90 0.145701
3204.80 0.146173
3206.80 0.146661
3208.80 0.147104
3210.80 0.147561
3212.80 0.148003
3214.80 0.148445
3216.80 0.148872
3218.80 0.149299
3220.80 0.149742
3222.80 0.150214
3224.80 0.150748
3226.80 0.151175
3228.80 0.151541
3230.80 0.151968
3232.80 0.152395
3234.80 0.152761
3236.80 0.153203
3238.90 0.153615
3240.90 0.153996
3242.90 0.154438
3244.90 0.154835
3247.00 0.155246
3249.00 0.155689
3251.00 0.156115
3253.10 0.156497
3255.10 0.156878
3257.20 0.157229
3259.20 0.157595
3261.30 0.158067
3263.30 0.158540
3265.40 0.158921
3267.40 0.159287
3269.50 0.159699
3271.60 0.160141
3273.60 0.160583
3275.70 0.161056
3277.80 0.161529
3279.80 0.161849
3281.90 0.162154
3284.00 0.162596
3286.10 0.163038
3288.10 0.163404
3290.20 0.163770
3292.30 0.164213
3294.40 0.164609
3296.50 0.164975
3298.60 0.165280
3300.70 0.165646
3302.80 0.166012
3304.90 0.166408
3307.00 0.166866
3309.10 0.167232
3311.20 0.167537
3313.40 0.167964
3315.50 0.168330
3317.60 0.168711
3319.70 0.169046
3321.90 0.169367
3324.00 0.169672
3326.10 0.170053
3328.30 0.170312
3330.40 0.170647
3332.50 0.171090
3334.70 0.171486
3336.80 0.171745
3339.00 0.172005
3341.10 0.172264
3343.30 0.172477
3345.40 0.172645
3347.60 0.172874
3349.80 0.173179
3351.90 0.173468
3354.10 0.173682
3356.30 0.173941
3358.40 0.174155
3360.60 0.174368
3362.80 0.174582
3365.00 0.174719
3367.10 0.174856
3369.30 0.175024
3371.50 0.175253
3373.70 0.175496
3375.90 0.175725
3378.10 0.175969
3380.30 0.176366
3382.50 0.176762
3384.70 0.177067
3386.90 0.177433
3389.10 0.177753
3391.40 0.178058
3393.60 0.178272
3395.80 0.178485
3398.00 0.178744
3400.30 0.178958
3402.50 0.179095
3404.70 0.179278
3407.00 0.179446
3409.20 0.179583
3411.40 0.179827
3413.70 0.180147
3415.90 0.180483
3418.20 0.180864
3420.40 0.181306
3422.70 0.181916
3425.00 0.182480
3427.20 0.183045
3429.50 0.183548
3431.80 0.184005
3434.00 0.184417
3436.30 0.184798
3438.60 0.185195
3440.90 0.185774
3443.20 0.186247
3445.40 0.186567
3447.70 0.186933
3450.00 0.187345
3452.30 0.187756
3454.60 0.188122
3456.90 0.188458
3459.20 0.188809
3461.60 0.189114
3463.90 0.189449
3466.20 0.189708
3468.50 0.189983
3470.80 0.190333
3473.10 0.190623
3475.50 0.190806
3477.80 0.191035
3480.10 0.191355
3482.50 0.191691
3484.80 0.191950
3487.20 0.192209
3489.50 0.192422
3491.90 0.192697
3494.20 0.192971
3496.60 0.193170
3498.90 0.193383
3501.30 0.193734
3503.60 0.194146
3506.00 0.194557
3508.40 0.194893
3510.80 0.195320
3513.10 0.195747
3515.50 0.196052
3517.90 0.196402
3520.30 0.196799
3522.70 0.197211
3525.10 0.197561
3527.50 0.197927
3529.90 0.198278
3532.30 0.198613
3534.70 0.198903
3537.10 0.199162
3539.50 0.199559
3541.90 0.199864
3544.40 0.200184
3546.80 0.200580
3549.20 0.200855
3551.60 0.201129
3554.10 0.201465
3556.50 0.201816
3559.00 0.202151
3561.40 0.202273
3563.90 0.202548
3566.30 0.202929
3568.80 0.203234
3571.20 0.203554
3573.70 0.203844
3576.10 0.204118
3578.60 0.204393
3581.10 0.204637
3583.60 0.204850
3586.00 0.205140
3588.50 0.205430
3591.00 0.205719
3593.50 0.206024
3596.00 0.206329
3598.50 0.206543
3601.00 0.206756
3603.50 0.207061
3606.00 0.207320
3608.50 0.207564
3611.00 0.207778
3613.50 0.208129
3616.00 0.208388
3618.60 0.208571
3621.10 0.208815
3623.60 0.208998
3626.10 0.209257
3628.70 0.209501
3631.20 0.209653
3633.80 0.209867
3636.30 0.210080
3638.90 0.210263
3641.40 0.210492
3644.00 0.210751
3646.60 0.210919
3649.10 0.211163
3651.70 0.211270
3654.30 0.211514
3656.80 0.211788
3659.40 0.212017
3662.00 0.212215
3664.60 0.212413
3667.20 0.212642
3669.80 0.212795
3672.40 0.212978
3675.00 0.213283
3677.60 0.213496
3680.20 0.213679
3682.80 0.213877
3685.40 0.214060
3688.10 0.214259
3690.70 0.214411
3693.30 0.214487
3695.90 0.214792
3698.60 0.215051
3701.20 0.215219
3703.90 0.215402
3706.50 0.215661
3709.20 0.215905
3711.80 0.216180
3714.50 0.216393
3717.10 0.216531
3719.80 0.216714
3722.50 0.216942
3725.10 0.217019
3727.80 0.217171
3730.50 0.217400
3733.20 0.217552
3735.90 0.217811
3738.60 0.217994
3741.30 0.218193
3744.00 0.218467
3746.70 0.218650
3749.40 0.218848
3752.10 0.218986
3754.80 0.219153
3757.50 0.219397
3760.30 0.219672
3763.00 0.219824
3765.70 0.219962
3768.50 0.220114
3771.20 0.220221
3773.90 0.220282
3776.70 0.220404
3779.40 0.220541
3782.20 0.220709
3785.00 0.220968
3787.70 0.221242
3790.50 0.221395
3793.30 0.221456
3796.10 0.221624
3798.80 0.221807
3801.60 0.221974
3804.40 0.222173
3807.20 0.222203
3810.00 0.222173
3812.80 0.222386
3815.60 0.222630
3818.40 0.222813
3821.20 0.222920
3824.00 0.222981
3826.90 0.223179
3829.70 0.223255
3832.50 0.223331
3835.40 0.223545
3838.20 0.223667
3841.00 0.223743
3843.90 0.223911
3846.70 0.224109
3849.60 0.224246
3852.40 0.224246
3855.30 0.224307
3858.20 0.224490
3861.10 0.224658
3863.90 0.224856
3866.80 0.224887
3869.70 0.224872
3872.60 0.224963
3875.50 0.225116
3878.40 0.225222
3881.30 0.225207
3884.20 0.225177
3887.10 0.225299
3890.00 0.225466
3892.90 0.225588
3895.90 0.225725
3898.80 0.225786
3901.70 0.225969
3904.70 0.226168
3907.60 0.226259
3910.60 0.226351
3913.50 0.226381
3916.50 0.226534
3919.40 0.226671
3922.40 0.226656
3925.40 0.226640
3928.30 0.226732
3931.30 0.226869
3934.30 0.226823
3937.30 0.226793
3940.30 0.226884
3943.30 0.227022
3946.30 0.227113
3949.30 0.227159
3952.30 0.227357
3955.30 0.227449
3958.30 0.227342
3961.30 0.227296
3964.40 0.227296
3967.40 0.227433
3970.40 0.227571
3973.50 0.227769
3976.50 0.227937
3979.60 0.227952
3982.60 0.227891
3985.70 0.227921
3988.80 0.227967
3991.80 0.228059
3994.90 0.228074
3998.00 0.228150
4001.10 0.228226
4004.20 0.228211
4007.30 0.228303
4010.40 0.228333
4013.50 0.228318
4016.60 0.228409
4019.70 0.228394
4022.80 0.228318
4025.90 0.228379
4029.10 0.228501
4032.20 0.228531
4035.30 0.228562
4038.50 0.228562
4041.60 0.228562
4044.80 0.228546
4047.90 0.228546
4051.10 0.228684
4054.30 0.228699
4057.40 0.228714
4060.60 0.228714
4063.80 0.228729
4067.00 0.228729
4070.20 0.228775
4073.40 0.228760
4076.60 0.228745
4079.80 0.228760
4083.00 0.228760
4086.20 0.228745
4089.40 0.228790
4092.70 0.228790
4095.90 0.228775
4099.10 0.228775
4102.40 0.228790
4105.60 0.228790
4108.90 0.228760
4112.10 0.228745
4115.40 0.228745
4118.70 0.228684
4122.00 0.228714
4125.20 0.228745
4128.50 0.228729
4131.80 0.228699
4135.10 0.228668
4138.40 0.228623
4141.70 0.228638
4145.00 0.228638
4148.30 0.228607
4151.60 0.228546
4155.00 0.228531
4158.30 0.228501
4161.60 0.228470
4165.00 0.228440
4168.30 0.228424
4171.70 0.228424
4175.00 0.228409
4178.40 0.228333
4181.80 0.228257
4185.20 0.228211
4188.50 0.228165
4191.90 0.228135
4195.30 0.228074
4198.70 0.227982
4202.10 0.227967
4205.50 0.227891
4208.90 0.227815
4212.40 0.227754
4215.80 0.227723
4219.20 0.227662
4222.60 0.227571
4226.10 0.227449
4229.50 0.227388
4233.00 0.227296
4236.50 0.227205
4239.90 0.227113
4243.40 0.227022
4246.90 0.226961
4250.30 0.226884
4253.80 0.226762
4257.30 0.226671
4260.80 0.226564
4264.30 0.226488
4267.80 0.226335
4271.30 0.226213
4274.90 0.226137
4278.40 0.226061
4281.90 0.225893
4285.50 0.225756
4289.00 0.225619
4292.60 0.225497
4296.10 0.225360
4299.70 0.225238
4303.30 0.225070
4306.80 0.224948
4310.40 0.224795
4314.00 0.224658
4317.60 0.224521
4321.20 0.224368
4324.80 0.224216
4328.40 0.224094
4332.00 0.223972
4335.60 0.223804
4339.30 0.223591
4342.90 0.223453
4346.50 0.223316
4350.20 0.223209
4353.80 0.223072
4357.50 0.222920
4361.10 0.222737
4364.80 0.222584
4368.50 0.222417
4372.20 0.222295
4375.90 0.222142
4379.60 0.222005
4383.30 0.221868
4387.00 0.221746
4390.70 0.221608
4394.40 0.221486
4398.10 0.221303
4401.90 0.221151
4405.60 0.220983
4409.40 0.220876
4413.10 0.220724
4416.90 0.220587
4420.60 0.220404
4424.40 0.220236
4428.20 0.220038
4432.00 0.219870
4435.80 0.219687
4439.60 0.219519
4443.40 0.219336
4447.20 0.219153
4451.00 0.218970
4454.80 0.218818
4458.60 0.218665
4462.50 0.218498
4466.30 0.218254
4470.20 0.218055
4474.00 0.217872
4477.90 0.217659
4481.80 0.217445
4485.60 0.217247
4489.50 0.217019
4493.40 0.216836
4497.30 0.216622
4501.20 0.216424
4505.10 0.216180
4509.00 0.215966
4513.00 0.215722
4516.90 0.215494
4520.90 0.215204
4524.80 0.214945
4528.70 0.214609
4532.70 0.214320
4536.70 0.214015
4540.60 0.213725
4544.60 0.213389
4548.60 0.213054
4552.60 0.212673
4556.60 0.212337
4560.60 0.211956
4564.60 0.211560
4568.60 0.211148
4572.70 0.210767
4576.70 0.210385
4580.80 0.210004
4584.80 0.209592
4588.90 0.209196
4592.90 0.208723
4597.00 0.208266
4601.10 0.207793
4605.20 0.207351
4609.30 0.206893
4613.40 0.206451
4617.50 0.205963
4621.60 0.205491
4625.70 0.205018
4629.80 0.204560
4634.00 0.204057
4638.10 0.203554
4642.30 0.203020
4646.40 0.202502
4650.60 0.201999
4654.80 0.201526
4659.00 0.201038
4663.10 0.200550
4667.30 0.200077
4671.50 0.199620
4675.80 0.199132
4680.00 0.198690
4684.20 0.198217
4688.40 0.197790
4692.70 0.197317
4696.90 0.196829
4701.20 0.196311
4705.50 0.195823
4709.70 0.195320
4714.00 0.194832
4718.30 0.194298
4722.60 0.193795
4726.90 0.193276
4731.20 0.192758
4735.50 0.192239
4739.90 0.191736
4744.20 0.191218
4748.50 0.190745
4752.90 0.190211
4757.30 0.189678
4761.60 0.189159
4766.00 0.188702
4770.40 0.188183
4774.80 0.187665
4779.20 0.187192
4783.60 0.186704
4788.00 0.186155
4792.40 0.185652
4796.90 0.185195
4801.30 0.184707
4805.80 0.184142
4810.20 0.183670
4814.70 0.183167
4819.10 0.182709
4823.60 0.182267
4828.10 0.181855
4832.60 0.181443
4837.10 0.181077
4841.60 0.180681
4846.20 0.180239
4850.70 0.179812
4855.30 0.179476
4859.80 0.179065
4864.40 0.178638
4868.90 0.178211
4873.50 0.177799
4878.10 0.177387
4882.70 0.177006
4887.30 0.176579
4891.90 0.176183
4896.50 0.175817
4901.10 0.175451
4905.80 0.175024
4910.40 0.174643
4915.10 0.174261
4919.70 0.173850
4924.40 0.173377
4929.10 0.172950
4933.80 0.172508
4938.50 0.172050
4943.20 0.171593
4947.90 0.171135
4952.60 0.170663
4957.40 0.170220
4962.10 0.169702
4966.90 0.169229
4971.60 0.168711
4976.40 0.168192
4981.20 0.167643
4986.00 0.167125
4990.80 0.166576
4995.60 0.166058
5000.40 0.165478
5005.20 0.164914
5010.00 0.164258
5014.90 0.163618
5019.80 0.162932
5024.60 0.162215
5029.50 0.161468
5034.40 0.160751
5039.30 0.159973
5044.20 0.159226
5049.10 0.158510
5054.00 0.157793
5058.90 0.157076
5063.90 0.156359
5068.80 0.155689
5073.80 0.155140
5078.80 0.154606
5083.70 0.154133
5088.70 0.153630
5093.70 0.153188
5098.70 0.152791
5103.70 0.152456
5108.80 0.152090
5113.80 0.151754
5118.90 0.151388
5123.90 0.151038
5129.00 0.150702
5134.10 0.150382
5139.10 0.150077
5144.30 0.149833
5149.40 0.149559
5154.50 0.149238
5159.60 0.148918
5164.70 0.148659
5169.90 0.148430
5175.00 0.148186
5180.20 0.147973
5185.40 0.147774
5190.60 0.147561
5195.80 0.147378
5201.00 0.147165
5206.20 0.146951
5211.50 0.146722
5216.70 0.146356
5222.00 0.145868
5227.20 0.145411
5232.50 0.144984
5237.80 0.144511
5243.10 0.143886
5248.40 0.143276
5253.70 0.142651
5259.00 0.142026
5264.40 0.141431
5269.70 0.140913
5275.10 0.140440
5280.50 0.140043
5285.80 0.139601
5291.20 0.139296
5296.60 0.138946
5302.00 0.138610
5307.50 0.138290
5312.90 0.137939
5318.40 0.137573
5323.80 0.137222
5329.30 0.136841
5334.80 0.136475
5340.30 0.136094
5345.80 0.135835
5351.30 0.135545
5356.80 0.135179
5362.40 0.134844
5367.90 0.134615
5373.50 0.134371
5379.00 0.134142
5384.60 0.133883
5390.20 0.133654
5395.80 0.133410
5401.50 0.133197
5407.10 0.132983
5412.70 0.132770
5418.40 0.132602
5424.10 0.132343
5429.70 0.131885
5435.40 0.131535
5441.10 0.131230
5446.90 0.130925
5452.60 0.130559
5458.30 0.130254
5464.10 0.129995
5469.80 0.129613
5475.60 0.129232
5481.40 0.128942
5487.20 0.128592
5493.00 0.128363
5498.80 0.128165
5504.70 0.128012
5510.50 0.127829
5516.40 0.127707
5522.30 0.127540
5528.10 0.127296
5534.00 0.127052
5540.00 0.126808
5545.90 0.126548
5551.80 0.126320
5557.80 0.125969
5563.70 0.125633
5569.70 0.125313
5575.70 0.125069
5581.70 0.124703
5587.70 0.124170
5593.70 0.123712
5599.80 0.123438
5605.80 0.123041
5611.90 0.122660
5618.00 0.122248
5624.10 0.121837
5630.20 0.121471
5636.30 0.121288
5642.40 0.121028
5648.60 0.120510
5654.70 0.120068
5660.90 0.119656
5667.10 0.119260
5673.30 0.119061
5679.50 0.118695
5685.70 0.118284
5692.00 0.117948
5698.20 0.117536
5704.50 0.117216
5710.80 0.116972
5717.10 0.116500
5723.40 0.116042
5729.70 0.115585
5736.10 0.115219
5742.40 0.114853
5748.80 0.114471
5755.10 0.113923
5761.50 0.113724
5768.00 0.113419
5774.40 0.112672
5780.80 0.112077
5787.30 0.111513
5793.70 0.110919
5800.20 0.110431
5806.70 0.109882
5813.20 0.109485
5819.70 0.109150
5826.30 0.108540
5832.80 0.107732
5839.40 0.106984
5846.00 0.106283
5852.60 0.105658
5859.20 0.104987
5865.80 0.104255
5872.50 0.103523
5879.10 0.103020
5885.80 0.101891
5892.50 0.100915
5899.20 0.099818
5905.90 0.098476
5912.60 0.097332
5919.40 0.096219
5926.20 0.095121
5932.90 0.094298
5939.70 0.093154
5946.50 0.091843
5953.40 0.090867
5960.20 0.090074
5967.10 0.089418
5974.00 0.088625
5980.80 0.087893
5987.80 0.087329
5994.70 0.086551
6001.60 0.085789
6008.60 0.085194
6015.50 0.084630
6022.50 0.083974
6029.50 0.083441
6036.50 0.082998
6043.60 0.082831
6050.60 0.082419
6057.70 0.081489
6064.80 0.080940
6071.90 0.080589
6079.00 0.079994
6086.10 0.079430
6093.30 0.079018
6100.50 0.078744
6107.60 0.078652
6114.90 0.078637
6122.10 0.078393
6129.30 0.078271
6136.50 0.078347
6143.80 0.078530
6151.10 0.078744
6158.40 0.079095
6165.70 0.079400
6173.10 0.079750
6180.40 0.080360
6187.80 0.080924
6195.20 0.081245
6202.60 0.081672
6210.00 0.082190
6217.50 0.082739
6225.00 0.083258
6232.40 0.083791
6239.90 0.084386
6247.50 0.084965
6255.00 0.085560
6262.50 0.086201
6270.10 0.086765
6277.70 0.087298
6285.30 0.087863
6293.00 0.088442
6300.60 0.089067
6308.30 0.089692
6315.90 0.090257
6323.60 0.090760
6331.40 0.091324
6339.10 0.092025
6346.90 0.092574
6354.60 0.092803
6362.40 0.093215
6370.30 0.093688
6378.10 0.093977
6385.90 0.094176
6393.80 0.094374
6401.70 0.094664
6409.60 0.095273
6417.60 0.095426
6425.50 0.095136
6433.50 0.095121
6441.50 0.095106
6449.50 0.095197
6457.50 0.095258
6465.60 0.095395
6473.60 0.095655
6481.70 0.095929
6489.80 0.096234
6498.00 0.096280
6506.10 0.096143
6514.30 0.096341
6522.50 0.096600
6530.70 0.096661
6538.90 0.096829
6547.20 0.097134
6555.50 0.097363
6563.80 0.097530
6572.10 0.097820
6580.40 0.097789
6588.80 0.097774
6597.20 0.097744
6605.60 0.097622
6614.00 0.097652
6622.50 0.097759
6630.90 0.098018
6639.40 0.098003
6647.90 0.097469
6656.50 0.097134
6665.00 0.097088
6673.60 0.097119
6682.20 0.097073
6690.80 0.096829
6699.50 0.096692
6708.10 0.096737
6716.80 0.096646
6725.50 0.096478
6734.30 0.096295
6743.00 0.096127
6751.80 0.095975
6760.60 0.095761
6769.40 0.095594
6778.30 0.095365
6787.10 0.095136
6796.00 0.094664
6805.00 0.094069
6813.90 0.093627
6822.90 0.093306
6831.90 0.092834
6840.90 0.092300
6849.90 0.091934
6859.00 0.091721
6868.00 0.091111
6877.20 0.090226
6886.30 0.089555
6895.50 0.088976
6904.60 0.088351
6913.80 0.087603
6923.10 0.086871
6932.30 0.086185
6941.60 0.085514
6950.90 0.084965
6960.20 0.084432
6969.60 0.083684
6979.00 0.082998
6988.40 0.082495
6997.80 0.082022
7007.30 0.081580
7016.80 0.081214
7026.30 0.080894
7035.80 0.080681
7045.40 0.080543
7054.90 0.080177
7064.50 0.079888
7074.20 0.079674
7083.90 0.079522
7093.50 0.079384
7103.30 0.079232
7113.00 0.079095
7122.80 0.078912
7132.60 0.078637
7142.40 0.078454
7152.20 0.078149
7162.10 0.077860
7172.00 0.077555
7182.00 0.077128
7191.90 0.076670
7201.90 0.076319
7211.90 0.075847
7222.00 0.075313
7232.00 0.074779
7242.10 0.074261
7252.30 0.073697
7262.40 0.073178
7272.60 0.072721
7282.80 0.072218
7293.10 0.071638
7303.30 0.071150
7313.60 0.070601
7324.00 0.070067
7334.30 0.069564
7344.70 0.069000
7355.10 0.068344
7365.60 0.067750
7376.10 0.067201
7386.60 0.066591
7397.10 0.065950
7407.70 0.065371
7418.30 0.064807
7428.90 0.064242
7439.60 0.063617
7450.30 0.063023
7461.00 0.062489
7471.70 0.061940
7482.50 0.061345
7493.30 0.060766
7504.20 0.060141
7515.00 0.059561
7525.90 0.058936
7536.90 0.058341
7547.90 0.057762
7558.90 0.057152
7569.90 0.056481
7581.00 0.055886
7592.00 0.055261
7603.20 0.054636
7614.30 0.053965
7625.50 0.053309
7636.80 0.052593
7648.00 0.051891
7659.30 0.051205
7670.70 0.050503
7682.00 0.049726
7693.40 0.048994
7704.90 0.048201
7716.30 0.047484
7727.80 0.046783
7739.40 0.046051
7750.90 0.045258
7762.50 0.044511
7774.20 0.043733
7785.80 0.043001
7797.50 0.042269
7809.30 0.041537
7821.10 0.040729
7832.90 0.040012
7844.70 0.039326
7856.60 0.038640
7868.50 0.037923
7880.50 0.037298
7892.50 0.036627
7904.50 0.035987
7916.60 0.035362
7928.70 0.034706
7940.80 0.034035
7953.00 0.033410
7965.20 0.032800
7977.50 0.032236
7989.80 0.031626
8002.10 0.031061
8014.50 0.030543
8026.90 0.030131
8039.30 0.029689
8051.80 0.029308
8064.30 0.028972
8076.90 0.028744
8089.50 0.028484
8102.10 0.028317
8114.80 0.028164
8127.50 0.028134
8140.30 0.028149
8153.10 0.028256
8165.90 0.028393
8178.80 0.028591
8191.70 0.028789
8204.70 0.029049
8217.70 0.029323
8230.70 0.029598
8243.80 0.029811
8256.90 0.030025
8270.10 0.030101
8283.30 0.030147
8296.60 0.030101
8309.90 0.029979
8323.20 0.029765
8336.60 0.029567
8350.00 0.029293
8363.50 0.029003
8377.00 0.028606
8390.50 0.028271
8404.20 0.027966
8417.80 0.027722
8431.50 0.027478
8445.20 0.027219
8459.00 0.027021
8472.80 0.026975
8486.70 0.026914
8500.60 0.026914
8514.50 0.026990
8528.50 0.027204
8542.60 0.027387
8556.70 0.027646
8570.80 0.028012
8585.00 0.028500
8599.30 0.028972
8613.50 0.029582
8627.90 0.030284
8642.30 0.031092
8656.70 0.031839
8671.20 0.032602
8685.70 0.033257
8700.30 0.033882
8714.90 0.034340
8729.60 0.034736
8744.30 0.035087
8759.00 0.035438
8773.90 0.035667
8788.70 0.035758
8803.70 0.035712
8818.60 0.035560
8833.70 0.035270
8848.70 0.034858
8863.80 0.034386
8879.00 0.033974
8894.30 0.033654
8909.50 0.033593
8924.90 0.033776
8940.30 0.034035
8955.70 0.034203
8971.20 0.034248
8986.70 0.034157
9002.30 0.034111
9018.00 0.034065
9033.70 0.033989
9049.50 0.033928
9065.30 0.033852
9081.20 0.033837
9097.10 0.033913
9113.10 0.034004
9129.10 0.034111
9145.20 0.034172
9161.40 0.034340
9177.60 0.034538
9193.90 0.034797
9210.20 0.035102
9226.60 0.035377
9243.00 0.035545
9259.50 0.035758
9276.10 0.035880
9292.70 0.036033
9309.40 0.036139
9326.20 0.036094
9343.00 0.035941
9359.80 0.035773
9376.80 0.035453
9393.70 0.035102
9410.80 0.034813
9427.90 0.034569
9445.10 0.034203
9462.30 0.033943
9479.60 0.033882
9497.00 0.033837
9514.40 0.033684
9531.90 0.033562
9549.40 0.033486
9567.10 0.033486
9584.70 0.033501
9602.50 0.033440
9620.30 0.033440
9638.20 0.033593
9656.10 0.033669
9674.20 0.033654
9692.20 0.033577
9710.40 0.033562
9728.60 0.033486
9746.90 0.033486
9765.20 0.033532
9783.70 0.033669
9802.20 0.033928
9820.70 0.034279
9839.40 0.034599
9858.10 0.034904
9876.80 0.035285
9895.70 0.035682
9914.60 0.036002
9933.60 0.036276
9952.70 0.036414
9971.80 0.036490
9991.00 0.036490
10010.30 0.036429
10029.70 0.036414
10049.10 0.036353
10068.60 0.036215
10088.20 0.036109
10107.90 0.036155
10127.60 0.036368
10147.40 0.036566
10167.30 0.036764
10187.30 0.036947
10207.40 0.037191
10227.50 0.037435
10247.70 0.037710
10268.00 0.037893
10288.40 0.038091
10308.80 0.038305
10329.40 0.038564
10350.00 0.038747
10370.70 0.038823
10391.50 0.038838
10412.30 0.038808
10433.30 0.038732
10454.30 0.038564
10475.50 0.038274
10496.70 0.038015
10517.90 0.037695
10539.30 0.037329
10560.80 0.036947
10582.30 0.036612
10604.00 0.036170
10625.70 0.035728
10647.50 0.035270
10669.40 0.034843
10691.40 0.034477
10713.50 0.034264
10735.70 0.034111
10758.00 0.033959
10780.30 0.033882
10802.80 0.033928
10825.40 0.033989
10848.00 0.034172
10870.80 0.034355
10893.60 0.034523
10916.50 0.034660
10939.50 0.034721
10962.70 0.034813
10985.90 0.035011
11009.20 0.035041
11032.70 0.035057
11056.20 0.035072
11079.80 0.035148
11103.50 0.035224
11127.40 0.035316
11151.30 0.035407
11175.30 0.035545
11199.50 0.035606
11223.70 0.035606
11248.00 0.035499
11272.50 0.035545
11297.10 0.035682
11321.70 0.035728
11346.50 0.035651
11371.40 0.035606
11396.40 0.035560
11421.50 0.035545
11446.70 0.035468
11472.00 0.035377
11497.40 0.035194
11523.00 0.035057
11548.70 0.034858
11574.40 0.034584
11600.30 0.034264
11626.30 0.034096
11652.50 0.033882
11678.70 0.033562
11705.10 0.033242
11731.60 0.033059
11758.20 0.032846
11784.90 0.032724
11811.70 0.032571
11838.70 0.032449
11865.80 0.032388
11893.00 0.032327
11920.30 0.032190
11947.80 0.032053
11975.40 0.032007
12003.10 0.032022
12031.00 0.031870
12059.00 0.031702
12087.10 0.031473
12115.30 0.031214
12143.70 0.031000
12172.20 0.030695
12200.80 0.030147
12229.60 0.029643
12258.50 0.029125
12287.60 0.028515
12316.80 0.027859
12346.10 0.027082
12375.50 0.026380
12405.20 0.025709
12434.90 0.024932
12464.80 0.024322
12494.80 0.023666
12525.00 0.023102
12555.30 0.022629
12585.80 0.022126
12616.40 0.021562
12647.20 0.021165
12678.10 0.020738
12709.20 0.020357
12740.40 0.020143
12771.80 0.019869
12803.30 0.019533
12835.00 0.019335
12866.90 0.019076
12898.90 0.018847
12931.10 0.018558
12963.40 0.018298
12995.90 0.018115
13028.50 0.018024
13061.30 0.018009
13094.30 0.018054
13127.50 0.018070
13160.80 0.018176
13194.30 0.018359
13228.00 0.018649
13261.80 0.018832
13295.80 0.018939
13330.00 0.018832
13364.30 0.018863
13398.90 0.018832
13433.60 0.018741
13468.50 0.018710
13503.50 0.018710
13538.80 0.018649
13574.20 0.018588
13609.90 0.018512
13645.70 0.018390
13681.70 0.018207
13717.90 0.018039
13754.30 0.017902
13790.80 0.017810
13827.60 0.017749
13864.60 0.017627
13901.80 0.017368
13939.10 0.017155
13976.70 0.017078
14014.50 0.017002
14052.50 0.016834
14090.70 0.016652
14129.00 0.016453
14167.70 0.016301
14206.50 0.016148
14245.50 0.016103
14284.70 0.015950
14324.20 0.015904
14363.90 0.015859
14403.80 0.015721
14443.90 0.015615
14484.20 0.015660
14524.80 0.015538
14565.60 0.015432
14606.60 0.015371
14647.90 0.015203
14689.40 0.015066
14731.10 0.015142
14773.10 0.014989
14815.30 0.014867
14857.80 0.014913
14900.50 0.014913
14943.40 0.014715
14986.60 0.014593
15030.00 0.014364
15073.70 0.014288
15117.70 0.014288
15161.90 0.014471
15206.30 0.014608
15251.10 0.014684
15296.10 0.014837
15341.30 0.015233
15386.80 0.015538
15432.60 0.015996
15478.70 0.016591
15525.00 0.016972
15571.70 0.017292
15618.60 0.017688
15665.80 0.018085
15713.20 0.018512
15761.00 0.018695
15809.00 0.018664
15857.40 0.018542
15906.00 0.018680
15955.00 0.018908
16004.20 0.019030
16053.80 0.019046
16103.60 0.019290
16153.80 0.019671
16204.30 0.019945
16255.10 0.020128
16306.20 0.020509
16357.60 0.020860
16409.40 0.021287
16461.50 0.021760
16513.90 0.022293
16566.70 0.022751
16619.80 0.023208
16673.20 0.023742
16727.00 0.024230
16781.10 0.024810
16835.60 0.025648
16890.50 0.026380
16945.70 0.027143
17001.20 0.028088
17057.20 0.029201
17113.40 0.030055
17170.10 0.031092
17227.20 0.032297
17284.60 0.033486
17342.40 0.034965
17400.60 0.036353
17459.20 0.037313
17518.20 0.038381
17577.50 0.039280
17637.30 0.040119
17697.50 0.041065
17758.10 0.042132
17819.20 0.042925
17880.60 0.043764
17942.50 0.044526
18004.80 0.045243
18067.50 0.045715
18130.70 0.046310
18194.30 0.047042
18258.40 0.047408
18322.90 0.047850
18387.90 0.048292
18453.30 0.048369
18519.20 0.048323
18585.60 0.048186
18652.40 0.048033
18719.80 0.047835
18787.60 0.047789
18855.90 0.047881
18924.70 0.047789
18994.10 0.047576
19063.90 0.047408
19134.20 0.047545
19205.10 0.047774
19276.50 0.047957
19348.40 0.048369
19420.90 0.048155
19493.90 0.047865
19567.50 0.047774
19641.60 0.047850
19716.30 0.047652
19791.50 0.047515
19867.30 0.046874
19943.80 0.046219
20020.80 0.045898
20098.40 0.045532
20176.60 0.045090
20255.40 0.044648
20334.80 0.044191
20414.90 0.044328
20495.60 0.044541
20576.90 0.044861
20658.90 0.045304
20741.50 0.046066
20824.80 0.047286
20908.80 0.048109
20993.40 0.047835
21078.80 0.047545
21164.80 0.047820
21251.60 0.047682
21339.00 0.047637
21427.20 0.047789
21516.10 0.047789
21605.80 0.047469
21696.20 0.047286
21787.30 0.047332
21879.30 0.046890
21972.00 0.046081
22065.50 0.045395
22159.70 0.044922
22254.80 0.043764
22350.80 0.043230
22447.50 0.043337
22545.10 0.043443
22643.60 0.043062
22742.90 0.042849
22843.10 0.042681
22944.20 0.043108
23046.20 0.043337
23149.00 0.043367
23252.80 0.042528
23357.60 0.042605
23463.30 0.041949
23569.90 0.041232
23677.50 0.041537
23786.10 0.042513
23895.80 0.042239
24006.40 0.040927
24118.00 0.040516
24230.70 0.041918
24344.50 0.043459
24459.40 0.044724
24575.30 0.043611
24692.30 0.042101
24810.40 0.042666
24929.70 0.044526
25050.20 0.044755
