# Spectrum of GJ486 at 1 AU (SPHINX)
# WL(nm)	Flux(ergs/cm**2/s/nm)
1.004555e+02	1.911519e-19
1.008574e+02	2.515074e-19
1.012608e+02	3.390379e-19
1.016658e+02	3.837122e-19
1.020725e+02	4.799552e-19
1.024808e+02	5.885213e-19
1.028907e+02	6.810708e-19
1.033023e+02	9.514990e-19
1.037155e+02	9.946849e-19
1.041303e+02	1.179759e-18
1.045469e+02	1.319700e-18
1.049650e+02	1.727587e-18
1.053849e+02	2.544406e-18
1.058064e+02	2.987209e-18
1.062297e+02	3.000820e-18
1.066546e+02	4.289561e-18
1.070812e+02	4.165367e-18
1.075095e+02	6.206839e-18
1.079396e+02	7.800408e-18
1.083713e+02	8.173280e-18
1.088048e+02	1.038981e-17
1.092400e+02	2.179749e-17
1.096770e+02	1.431305e-17
1.101157e+02	2.183210e-17
1.105562e+02	2.763993e-17
1.109984e+02	3.119747e-17
1.114424e+02	3.961401e-17
1.118881e+02	3.309235e-17
1.123357e+02	4.838393e-17
1.127850e+02	1.668294e-16
1.132362e+02	1.344418e-16
1.136891e+02	1.332062e-16
1.141439e+02	1.678626e-16
1.146005e+02	1.624036e-16
1.150589e+02	2.033453e-16
1.155191e+02	1.726421e-16
1.159812e+02	2.837530e-16
1.164451e+02	2.398359e-16
1.169109e+02	2.854879e-16
1.173785e+02	4.723853e-16
1.178480e+02	9.140303e-16
1.183194e+02	6.723218e-16
1.187927e+02	6.476591e-16
1.192679e+02	1.058193e-15
1.197450e+02	1.561899e-15
1.202239e+02	9.149581e-16
1.207048e+02	1.901306e-15
1.211876e+02	1.823354e-15
1.216724e+02	3.090939e-15
1.221591e+02	6.408885e-15
1.226477e+02	2.742307e-14
1.231383e+02	7.447887e-15
1.236309e+02	1.259759e-14
1.241254e+02	6.801345e-15
1.246219e+02	6.131087e-15
1.251204e+02	8.139680e-15
1.256209e+02	8.245624e-15
1.261233e+02	1.243028e-14
1.266278e+02	9.156315e-15
1.271343e+02	2.041187e-14
1.276429e+02	1.750703e-14
1.281535e+02	1.603319e-14
1.286661e+02	1.794710e-14
1.291807e+02	3.249738e-14
1.296975e+02	3.418381e-14
1.302162e+02	3.193586e-14
1.307371e+02	4.684203e-14
1.312601e+02	6.799904e-14
1.317851e+02	5.705491e-14
1.323122e+02	5.508876e-14
1.328415e+02	7.442061e-14
1.333729e+02	1.115635e-13
1.339063e+02	7.950042e-14
1.344420e+02	8.991727e-14
1.349797e+02	1.163781e-13
1.355197e+02	1.493983e-13
1.360617e+02	1.937549e-13
1.366060e+02	1.700573e-13
1.371524e+02	2.296824e-13
1.377010e+02	3.162977e-13
1.382518e+02	3.122007e-13
1.388048e+02	4.191013e-13
1.393601e+02	6.150455e-13
1.399175e+02	5.520065e-13
1.404772e+02	8.691507e-13
1.410391e+02	1.060925e-12
1.416032e+02	1.518445e-12
1.421696e+02	1.234917e-12
1.427383e+02	1.446690e-12
1.433093e+02	4.925922e-12
1.438825e+02	2.368857e-12
1.444580e+02	4.363916e-12
1.450359e+02	5.005398e-12
1.456160e+02	8.638499e-12
1.461985e+02	4.763281e-12
1.467833e+02	6.311969e-12
1.473704e+02	9.886961e-12
1.479599e+02	8.625163e-12
1.485517e+02	1.105088e-11
1.491459e+02	3.072317e-11
1.497425e+02	1.591842e-11
1.503415e+02	6.161173e-11
1.509429e+02	4.700004e-11
1.515466e+02	2.494896e-11
1.521528e+02	4.820659e-11
1.527614e+02	4.360810e-11
1.533725e+02	3.811292e-11
1.539860e+02	5.691567e-11
1.546019e+02	2.165031e-11
1.552203e+02	3.366262e-11
1.558412e+02	3.404912e-11
1.564646e+02	3.010670e-11
1.570904e+02	3.484083e-11
1.577188e+02	3.498575e-11
1.583496e+02	3.985900e-11
1.589830e+02	5.463406e-11
1.596190e+02	4.867101e-11
1.602575e+02	5.501722e-11
1.608985e+02	6.538743e-11
1.615421e+02	7.311672e-11
1.621882e+02	8.342240e-11
1.628370e+02	9.279534e-11
1.634883e+02	1.072010e-10
1.641423e+02	1.218576e-10
1.647989e+02	1.405570e-10
1.654581e+02	1.495110e-10
1.661199e+02	1.860809e-10
1.667844e+02	2.106891e-10
1.674515e+02	2.488259e-10
1.681213e+02	3.141434e-10
1.687938e+02	3.321195e-10
1.694690e+02	4.807193e-10
1.701469e+02	4.902584e-10
1.708274e+02	5.795430e-10
1.715108e+02	6.767713e-10
1.721968e+02	7.427245e-10
1.728856e+02	9.163396e-10
1.735771e+02	9.253722e-10
1.742714e+02	1.032491e-09
1.749685e+02	1.457169e-09
1.756684e+02	1.336212e-09
1.763711e+02	1.943019e-09
1.770766e+02	2.221616e-09
1.777849e+02	1.922603e-09
1.784960e+02	2.963362e-09
1.792100e+02	2.853114e-09
1.799268e+02	3.211820e-09
1.806465e+02	4.623086e-09
1.813691e+02	3.383956e-09
1.820946e+02	4.857372e-09
1.828230e+02	7.145070e-09
1.835543e+02	4.516946e-09
1.842885e+02	7.030957e-09
1.850256e+02	1.071839e-08
1.857657e+02	7.233161e-09
1.865088e+02	1.287960e-08
1.872548e+02	1.284807e-08
1.880039e+02	1.053210e-08
1.887559e+02	1.817265e-08
1.895109e+02	1.666816e-08
1.902689e+02	1.602453e-08
1.910300e+02	2.942351e-08
1.917941e+02	2.529107e-08
1.925613e+02	2.790586e-08
1.933316e+02	4.457275e-08
1.941049e+02	4.046726e-08
1.948813e+02	4.350292e-08
1.956608e+02	7.420216e-08
1.964435e+02	5.421698e-08
1.972292e+02	6.809104e-08
1.980182e+02	1.034582e-07
1.988102e+02	8.907659e-08
1.996055e+02	8.965023e-08
2.004039e+02	1.124824e-07
2.012055e+02	1.248641e-07
2.020103e+02	1.357386e-07
2.028184e+02	1.580995e-07
2.036296e+02	1.488047e-07
2.044442e+02	1.502672e-07
2.052619e+02	1.830317e-07
2.060830e+02	1.840898e-07
2.069073e+02	1.896103e-07
2.077350e+02	2.097484e-07
2.085659e+02	2.359301e-07
2.094002e+02	2.430136e-07
2.102378e+02	2.604769e-07
2.110787e+02	2.522167e-07
2.119230e+02	2.874299e-07
2.127707e+02	3.141590e-07
2.136218e+02	3.505591e-07
2.144763e+02	3.240539e-07
2.153342e+02	3.828037e-07
2.161955e+02	4.418373e-07
2.170603e+02	4.869921e-07
2.179286e+02	4.731803e-07
2.188003e+02	5.244418e-07
2.196755e+02	6.297576e-07
2.205542e+02	6.479777e-07
2.214364e+02	8.313911e-07
2.223221e+02	7.342420e-07
2.232114e+02	1.124853e-06
2.241043e+02	1.012019e-06
2.250007e+02	1.507670e-06
2.259007e+02	1.259249e-06
2.268043e+02	1.578222e-06
2.277115e+02	1.836604e-06
2.286223e+02	2.034783e-06
2.295368e+02	2.981022e-06
2.304550e+02	1.910859e-06
2.313768e+02	3.038597e-06
2.323023e+02	3.106228e-06
2.332315e+02	4.141132e-06
2.341644e+02	4.436821e-06
2.351011e+02	2.827141e-06
2.360415e+02	4.939028e-06
2.369857e+02	3.279910e-06
2.379336e+02	5.870593e-06
2.388854e+02	5.623131e-06
2.398409e+02	9.623080e-06
2.408003e+02	1.165396e-05
2.417635e+02	6.554295e-06
2.427305e+02	1.552341e-05
2.437014e+02	1.413886e-05
2.446762e+02	2.849328e-05
2.456549e+02	1.734415e-05
2.466376e+02	2.150267e-05
2.476241e+02	2.607435e-05
2.486146e+02	1.133119e-05
2.496091e+02	2.429245e-05
2.506075e+02	2.251187e-05
2.516099e+02	2.801029e-05
2.526164e+02	3.490784e-05
2.536268e+02	1.154719e-04
2.546414e+02	1.193059e-04
2.556599e+02	8.845178e-05
2.566826e+02	6.729178e-05
2.577093e+02	7.986733e-05
2.587401e+02	5.911028e-05
2.597751e+02	9.557048e-05
2.608142e+02	9.642512e-05
2.618574e+02	2.165165e-04
2.629049e+02	4.820171e-04
2.639565e+02	4.808891e-04
2.650123e+02	4.716605e-04
2.660724e+02	3.736241e-04
2.671367e+02	3.822732e-04
2.682052e+02	4.619471e-04
2.692780e+02	3.204034e-04
2.703551e+02	5.816742e-04
2.714366e+02	4.325732e-04
2.725223e+02	3.504285e-04
2.736124e+02	4.814661e-04
2.747068e+02	4.948825e-04
2.758057e+02	8.282337e-04
2.769089e+02	1.629195e-03
2.780165e+02	1.285081e-03
2.791286e+02	1.590170e-03
2.802451e+02	1.319698e-03
2.813661e+02	1.137155e-03
2.824916e+02	9.440458e-04
2.836215e+02	7.059172e-04
2.847560e+02	3.347040e-04
2.858950e+02	4.786125e-04
2.870386e+02	9.825271e-04
2.881868e+02	1.827617e-03
2.893395e+02	3.026402e-03
2.904969e+02	3.976025e-03
2.916589e+02	5.526719e-03
2.928255e+02	5.509576e-03
2.939968e+02	4.725299e-03
2.951728e+02	4.039214e-03
2.963535e+02	4.934941e-03
2.975389e+02	5.089381e-03
2.987290e+02	7.116890e-03
2.999240e+02	5.654200e-03
3.011237e+02	1.048797e-02
3.023281e+02	4.477680e-03
3.035375e+02	1.423264e-02
3.047516e+02	1.406630e-02
3.059706e+02	1.788801e-02
3.071945e+02	3.188706e-02
3.084233e+02	4.874397e-02
3.096570e+02	3.683613e-02
3.108956e+02	6.711555e-02
3.121392e+02	7.141273e-02
3.133877e+02	8.541179e-02
3.146413e+02	1.007719e-01
3.158999e+02	1.010718e-01
3.171635e+02	1.361733e-01
3.184321e+02	9.303406e-02
3.197058e+02	7.299027e-02
3.209847e+02	1.187571e-01
3.222686e+02	1.382713e-01
3.235577e+02	1.348440e-01
3.248519e+02	1.855995e-01
3.261513e+02	2.138491e-01
3.274559e+02	2.518791e-01
3.287657e+02	2.540425e-01
3.300808e+02	2.212475e-01
3.314011e+02	3.203210e-01
3.327267e+02	3.315621e-01
3.340576e+02	2.977810e-01
3.353939e+02	2.561118e-01
3.367354e+02	2.591831e-01
3.380824e+02	2.838533e-01
3.394347e+02	3.904821e-01
3.407924e+02	3.714150e-01
3.421556e+02	3.467075e-01
3.435242e+02	1.801080e-01
3.448983e+02	2.098599e-01
3.462779e+02	2.499291e-01
3.476630e+02	1.845802e-01
3.490537e+02	1.963864e-01
3.504499e+02	4.587477e-01
3.518517e+02	3.702778e-01
3.532591e+02	5.130933e-01
3.546722e+02	6.281444e-01
3.560908e+02	2.801623e-01
3.575152e+02	1.733271e-01
3.589453e+02	3.519806e-01
3.603810e+02	4.760469e-01
3.618226e+02	3.687352e-01
3.632699e+02	3.571301e-01
3.647229e+02	2.846879e-01
3.661818e+02	6.974581e-01
3.676466e+02	4.770730e-01
3.691171e+02	5.305226e-01
3.705936e+02	2.771936e-01
3.720760e+02	1.123773e-01
3.735643e+02	1.071711e-01
3.750586e+02	1.400965e-01
3.765588e+02	3.567990e-01
3.780650e+02	7.937683e-01
3.795773e+02	4.872230e-01
3.810956e+02	5.639814e-01
3.826200e+02	2.021467e-01
3.841505e+02	3.770391e-01
3.856871e+02	1.849412e-01
3.872298e+02	3.749748e-01
3.887787e+02	3.292950e-01
3.903338e+02	4.418750e-01
3.918952e+02	4.613006e-01
3.934628e+02	2.742732e-01
3.950366e+02	7.070360e-01
3.966167e+02	4.568551e-01
3.982032e+02	9.371863e-01
3.997960e+02	1.141248e+00
4.013952e+02	1.467399e+00
4.030008e+02	1.727060e+00
4.046128e+02	1.336823e+00
4.062312e+02	1.364610e+00
4.078562e+02	1.568850e+00
4.094876e+02	1.726156e+00
4.111255e+02	1.962424e+00
4.127701e+02	1.776113e+00
4.144211e+02	1.627686e+00
4.160788e+02	1.768388e+00
4.177431e+02	1.395098e+00
4.194141e+02	9.365869e-01
4.210918e+02	4.661218e-01
4.227761e+02	1.118962e-01
4.244672e+02	5.053140e-01
4.261651e+02	9.657682e-01
4.278698e+02	1.186126e+00
4.295812e+02	9.627739e-01
4.312996e+02	1.438157e+00
4.330248e+02	1.992426e+00
4.347569e+02	2.550865e+00
4.364959e+02	2.377930e+00
4.382419e+02	1.683126e+00
4.399948e+02	2.330180e+00
4.417548e+02	2.322604e+00
4.435218e+02	2.012239e+00
4.452959e+02	2.152334e+00
4.470771e+02	2.988550e+00
4.488654e+02	2.994476e+00
4.506609e+02	3.442320e+00
4.524635e+02	2.677167e+00
4.542734e+02	2.931622e+00
4.560905e+02	3.454270e+00
4.579148e+02	3.191470e+00
4.597465e+02	3.600288e+00
4.615855e+02	3.859417e+00
4.634318e+02	3.662413e+00
4.652855e+02	3.729729e+00
4.671467e+02	3.575617e+00
4.690153e+02	3.608833e+00
4.708913e+02	4.098302e+00
4.727749e+02	4.066821e+00
4.746660e+02	4.126415e+00
4.765647e+02	3.582276e+00
4.784709e+02	2.447674e+00
4.803848e+02	3.161342e+00
4.823063e+02	3.363522e+00
4.842356e+02	3.650256e+00
4.861725e+02	4.386554e+00
4.881172e+02	4.366833e+00
4.900697e+02	4.227281e+00
4.920300e+02	4.332777e+00
4.939981e+02	4.743311e+00
4.959741e+02	4.287276e+00
4.979580e+02	4.046846e+00
4.999498e+02	3.430779e+00
5.019496e+02	3.348541e+00
5.039574e+02	3.727594e+00
5.059732e+02	3.757876e+00
5.079971e+02	3.475473e+00
5.100291e+02	2.819799e+00
5.120692e+02	2.568643e+00
5.141175e+02	2.474726e+00
5.161740e+02	2.288111e+00
5.182387e+02	2.016093e+00
5.203116e+02	2.693356e+00
5.223929e+02	4.472195e+00
5.244824e+02	4.927309e+00
5.265804e+02	3.643608e+00
5.286867e+02	5.112962e+00
5.308014e+02	5.167754e+00
5.329246e+02	4.254699e+00
5.350563e+02	5.269076e+00
5.371966e+02	4.757141e+00
5.393453e+02	5.083960e+00
5.415027e+02	5.217743e+00
5.436687e+02	4.312337e+00
5.458434e+02	4.619670e+00
5.480268e+02	5.131012e+00
5.502189e+02	4.882905e+00
5.524198e+02	5.282926e+00
5.546295e+02	5.540660e+00
5.568480e+02	5.535406e+00
5.590754e+02	4.674396e+00
5.613117e+02	5.380975e+00
5.635569e+02	5.885719e+00
5.658111e+02	6.199751e+00
5.680744e+02	5.636552e+00
5.703467e+02	6.332655e+00
5.726281e+02	6.377129e+00
5.749186e+02	6.537182e+00
5.772183e+02	6.331656e+00
5.795271e+02	6.461044e+00
5.818452e+02	6.248022e+00
5.841726e+02	5.782727e+00
5.865093e+02	3.979904e+00
5.888553e+02	1.135260e+00
5.912108e+02	2.605206e+00
5.935756e+02	4.738723e+00
5.959499e+02	5.393662e+00
5.983337e+02	5.961065e+00
6.007270e+02	6.439654e+00
6.031300e+02	6.901590e+00
6.055425e+02	7.300755e+00
6.079646e+02	7.641155e+00
6.103965e+02	7.399405e+00
6.128381e+02	7.193279e+00
6.152894e+02	6.544331e+00
6.177506e+02	6.128548e+00
6.202216e+02	6.170528e+00
6.227025e+02	5.498246e+00
6.251933e+02	6.137030e+00
6.276941e+02	6.560543e+00
6.302048e+02	6.919488e+00
6.327257e+02	7.329985e+00
6.352566e+02	6.962055e+00
6.377976e+02	4.965012e+00
6.403488e+02	6.373884e+00
6.429102e+02	7.692548e+00
6.454818e+02	7.916518e+00
6.480637e+02	8.724484e+00
6.506560e+02	8.685107e+00
6.532586e+02	9.568010e+00
6.558717e+02	9.244777e+00
6.584951e+02	9.005188e+00
6.611291e+02	9.189992e+00
6.637736e+02	9.013149e+00
6.664287e+02	8.603791e+00
6.690945e+02	8.294113e+00
6.717708e+02	7.931774e+00
6.744579e+02	7.774148e+00
6.771557e+02	7.778665e+00
6.798644e+02	6.963680e+00
6.825838e+02	6.646480e+00
6.853142e+02	5.547411e+00
6.880554e+02	4.507635e+00
6.908076e+02	4.419659e+00
6.935709e+02	5.835295e+00
6.963452e+02	6.527269e+00
6.991305e+02	6.807282e+00
7.019271e+02	7.428545e+00
7.047348e+02	1.001151e+01
7.075537e+02	9.691091e+00
7.103839e+02	9.014999e+00
7.132255e+02	8.608857e+00
7.160784e+02	8.909365e+00
7.189427e+02	9.536040e+00
7.218184e+02	9.656194e+00
7.247057e+02	1.009524e+01
7.276045e+02	1.056476e+01
7.305150e+02	1.090602e+01
7.334370e+02	1.080851e+01
7.363708e+02	1.091545e+01
7.393162e+02	1.095100e+01
7.422735e+02	1.091486e+01
7.452426e+02	1.091765e+01
7.482236e+02	1.094192e+01
7.512165e+02	1.098837e+01
7.542213e+02	1.107104e+01
7.572382e+02	1.115488e+01
7.602672e+02	1.107688e+01
7.633082e+02	1.129566e+01
7.663615e+02	9.218728e+00
7.694269e+02	9.863889e+00
7.725046e+02	1.123180e+01
7.755946e+02	1.118719e+01
7.786970e+02	1.126054e+01
7.818118e+02	1.124814e+01
7.849391e+02	1.130244e+01
7.880788e+02	1.148714e+01
7.912311e+02	1.154918e+01
7.943961e+02	1.166720e+01
7.975736e+02	1.178637e+01
8.007639e+02	1.191753e+01
8.039670e+02	1.187067e+01
8.071829e+02	1.183975e+01
8.104116e+02	1.188867e+01
8.136532e+02	1.192235e+01
8.169078e+02	1.136922e+01
8.201755e+02	1.005128e+01
8.234562e+02	1.195850e+01
8.267500e+02	1.199595e+01
8.300570e+02	1.196564e+01
8.333772e+02	1.182002e+01
8.367107e+02	1.160477e+01
8.400576e+02	1.161141e+01
8.434178e+02	1.126527e+01
8.467915e+02	1.147936e+01
8.501787e+02	1.133378e+01
8.535794e+02	1.110242e+01
8.569937e+02	1.182613e+01
8.604217e+02	1.194539e+01
8.638633e+02	1.161336e+01
8.673188e+02	1.084374e+01
8.707881e+02	1.099977e+01
8.742712e+02	1.115047e+01
8.777683e+02	1.145575e+01
8.812794e+02	1.137348e+01
8.848045e+02	1.168787e+01
8.883437e+02	1.118647e+01
8.918971e+02	1.155640e+01
8.954647e+02	1.153994e+01
8.990465e+02	1.163042e+01
9.026427e+02	1.133969e+01
9.062533e+02	1.119681e+01
9.098783e+02	1.145019e+01
9.135178e+02	1.152648e+01
9.171719e+02	1.162842e+01
9.208406e+02	1.175634e+01
9.245240e+02	1.174493e+01
9.282220e+02	1.168006e+01
9.319349e+02	1.154788e+01
9.356627e+02	1.153535e+01
9.394053e+02	1.107564e+01
9.431629e+02	1.144655e+01
9.469356e+02	1.153622e+01
9.507233e+02	1.161854e+01
9.545262e+02	1.160158e+01
9.583443e+02	1.141830e+01
9.621777e+02	1.135554e+01
9.660264e+02	1.119214e+01
9.698905e+02	1.136636e+01
9.737701e+02	1.120692e+01
9.776652e+02	1.103370e+01
9.815758e+02	1.147273e+01
9.855021e+02	1.137847e+01
9.894441e+02	1.078512e+01
9.934019e+02	9.588146e+00
9.973755e+02	1.010179e+01
1.001365e+03	1.031825e+01
1.005370e+03	1.007837e+01
1.009392e+03	1.044129e+01
1.013430e+03	1.047604e+01
1.017483e+03	1.049885e+01
1.021553e+03	1.056825e+01
1.025639e+03	1.019118e+01
1.029742e+03	1.008230e+01
1.033861e+03	1.012883e+01
1.037996e+03	1.048128e+01
1.042148e+03	1.035709e+01
1.046317e+03	1.060613e+01
1.050502e+03	1.056255e+01
1.054704e+03	1.071194e+01
1.058923e+03	1.061475e+01
1.063159e+03	1.061852e+01
1.067411e+03	1.040029e+01
1.071681e+03	1.043169e+01
1.075968e+03	1.057240e+01
1.080272e+03	1.052400e+01
1.084593e+03	1.061188e+01
1.088931e+03	1.057392e+01
1.093287e+03	1.058960e+01
1.097660e+03	1.050282e+01
1.102051e+03	1.054662e+01
1.106459e+03	1.052803e+01
1.110885e+03	1.038273e+01
1.115328e+03	1.053908e+01
1.119789e+03	1.047659e+01
1.124269e+03	1.051252e+01
1.128766e+03	1.045313e+01
1.133281e+03	1.044055e+01
1.137814e+03	9.771838e+00
1.142365e+03	9.815428e+00
1.146935e+03	1.033993e+01
1.151522e+03	1.043709e+01
1.156128e+03	1.031047e+01
1.160753e+03	1.015954e+01
1.165396e+03	1.026390e+01
1.170058e+03	1.010831e+01
1.174738e+03	1.014971e+01
1.179437e+03	9.856773e+00
1.184154e+03	9.935124e+00
1.188891e+03	9.964130e+00
1.193647e+03	1.000747e+01
1.198421e+03	9.600930e+00
1.203215e+03	9.746315e+00
1.208028e+03	9.837279e+00
1.212860e+03	9.752050e+00
1.217711e+03	9.825760e+00
1.222582e+03	9.717145e+00
1.227473e+03	9.805839e+00
1.232382e+03	9.709834e+00
1.237312e+03	9.638712e+00
1.242261e+03	9.263743e+00
1.247230e+03	9.487715e+00
1.252219e+03	9.336019e+00
1.257228e+03	9.424429e+00
1.262257e+03	9.375871e+00
1.267306e+03	9.430666e+00
1.272375e+03	9.366323e+00
1.277465e+03	9.339886e+00
1.282575e+03	9.220113e+00
1.287705e+03	9.102278e+00
1.292856e+03	9.043536e+00
1.298027e+03	9.109013e+00
1.303219e+03	9.091909e+00
1.308432e+03	9.017779e+00
1.313666e+03	9.057873e+00
1.318920e+03	9.027855e+00
1.324196e+03	8.900740e+00
1.329493e+03	8.782615e+00
1.334811e+03	8.405455e+00
1.340150e+03	8.331315e+00
1.345511e+03	8.303716e+00
1.350893e+03	8.309385e+00
1.356296e+03	8.252986e+00
1.361722e+03	8.266897e+00
1.367168e+03	8.275703e+00
1.372637e+03	8.301012e+00
1.378128e+03	8.265671e+00
1.383640e+03	8.220278e+00
1.389175e+03	8.096420e+00
1.394731e+03	8.020255e+00
1.400310e+03	7.955064e+00
1.405912e+03	7.927731e+00
1.411535e+03	7.804177e+00
1.417181e+03	7.736777e+00
1.422850e+03	7.730504e+00
1.428542e+03	7.636280e+00
1.434256e+03	7.650805e+00
1.439993e+03	7.624029e+00
1.445753e+03	7.626583e+00
1.451536e+03	7.580883e+00
1.457342e+03	7.553145e+00
1.463171e+03	7.494089e+00
1.469024e+03	7.410977e+00
1.474900e+03	7.430551e+00
1.480800e+03	7.400217e+00
1.486723e+03	7.335708e+00
1.492670e+03	7.358412e+00
1.498640e+03	7.333876e+00
1.504635e+03	7.165443e+00
1.510653e+03	7.306146e+00
1.516696e+03	7.286324e+00
1.522763e+03	7.304492e+00
1.528854e+03	7.298339e+00
1.534969e+03	7.234805e+00
1.541109e+03	7.214338e+00
1.547274e+03	7.210511e+00
1.553463e+03	7.190810e+00
1.559677e+03	7.159470e+00
1.565915e+03	7.162743e+00
1.572179e+03	7.122912e+00
1.578468e+03	7.156932e+00
1.584782e+03	7.144711e+00
1.591121e+03	7.115578e+00
1.597485e+03	7.124017e+00
1.603875e+03	7.083280e+00
1.610291e+03	7.052940e+00
1.616732e+03	6.848860e+00
1.623199e+03	6.984542e+00
1.629691e+03	7.002464e+00
1.636210e+03	6.999640e+00
1.642755e+03	6.940967e+00
1.649326e+03	6.898832e+00
1.655923e+03	6.853873e+00
1.662547e+03	6.791904e+00
1.669197e+03	6.748204e+00
1.675874e+03	6.691062e+00
1.682578e+03	6.616976e+00
1.689308e+03	6.537582e+00
1.696065e+03	6.451430e+00
1.702849e+03	6.357908e+00
1.709661e+03	6.176252e+00
1.716499e+03	6.095256e+00
1.723365e+03	6.025542e+00
1.730259e+03	5.929040e+00
1.737180e+03	5.778372e+00
1.744129e+03	5.677414e+00
1.751105e+03	5.572962e+00
1.758110e+03	5.404958e+00
1.765142e+03	5.315117e+00
1.772203e+03	5.196570e+00
1.779291e+03	5.051112e+00
1.786409e+03	4.962445e+00
1.793554e+03	4.849783e+00
1.800728e+03	4.795063e+00
1.807931e+03	4.681449e+00
1.815163e+03	4.678395e+00
1.822424e+03	4.611550e+00
1.829713e+03	4.527026e+00
1.837032e+03	4.503089e+00
1.844380e+03	4.316978e+00
1.851758e+03	4.266838e+00
1.859165e+03	4.062338e+00
1.866602e+03	4.210711e+00
1.874068e+03	4.101994e+00
1.881564e+03	4.137620e+00
1.889090e+03	4.118136e+00
1.896647e+03	4.113917e+00
1.904233e+03	4.075332e+00
1.911850e+03	4.080254e+00
1.919498e+03	3.996158e+00
1.927176e+03	3.838981e+00
1.934884e+03	3.864464e+00
1.942624e+03	3.593263e+00
1.950394e+03	3.651547e+00
1.958196e+03	3.768149e+00
1.966029e+03	3.758815e+00
1.973893e+03	3.469497e+00
1.981789e+03	3.412714e+00
1.989716e+03	3.394538e+00
1.997675e+03	3.509522e+00
2.005665e+03	3.486598e+00
2.013688e+03	3.426472e+00
2.021743e+03	3.417517e+00
2.029830e+03	3.358056e+00
2.037949e+03	3.331216e+00
2.046101e+03	3.294800e+00
2.054285e+03	3.301855e+00
2.062502e+03	3.240739e+00
2.070752e+03	3.233571e+00
2.079035e+03	3.209649e+00
2.087351e+03	3.171642e+00
2.095701e+03	3.155595e+00
2.104084e+03	3.143601e+00
2.112500e+03	3.125296e+00
2.120950e+03	3.103474e+00
2.129434e+03	3.063257e+00
2.137952e+03	3.049680e+00
2.146503e+03	3.046612e+00
2.155089e+03	3.020179e+00
2.163710e+03	3.004828e+00
2.172365e+03	2.978846e+00
2.181054e+03	2.946520e+00
2.189778e+03	2.927876e+00
2.198537e+03	2.911658e+00
2.207331e+03	2.813408e+00
2.216161e+03	2.865041e+00
2.225025e+03	2.830314e+00
2.233926e+03	2.812645e+00
2.242861e+03	2.790503e+00
2.251833e+03	2.760679e+00
2.260840e+03	2.722252e+00
2.269883e+03	2.704924e+00
2.278963e+03	2.672650e+00
2.288079e+03	2.648353e+00
2.297231e+03	2.488750e+00
2.306420e+03	2.522038e+00
2.315646e+03	2.496446e+00
2.324908e+03	2.363959e+00
2.334208e+03	2.371704e+00
2.343545e+03	2.372765e+00
2.352919e+03	2.273044e+00
2.362331e+03	2.268729e+00
2.371780e+03	2.269703e+00
2.381267e+03	2.176619e+00
2.390792e+03	2.143142e+00
2.400355e+03	2.121195e+00
2.409957e+03	2.048506e+00
2.419597e+03	2.009175e+00
2.429275e+03	1.963548e+00
2.438992e+03	1.907504e+00
2.448748e+03	1.846729e+00
2.458543e+03	1.801854e+00
2.468377e+03	1.785134e+00
2.478251e+03	1.685933e+00
2.488164e+03	1.679850e+00
2.498116e+03	1.658328e+00
2.508109e+03	1.583325e+00
2.518141e+03	1.575095e+00
2.528214e+03	1.524597e+00
2.538327e+03	1.502039e+00
2.548480e+03	1.494352e+00
2.558674e+03	1.472088e+00
2.568909e+03	1.479380e+00
2.579184e+03	1.432443e+00
2.589501e+03	1.453486e+00
2.599859e+03	1.453403e+00
2.610258e+03	1.459453e+00
2.620699e+03	1.439636e+00
2.631182e+03	1.434206e+00
2.641707e+03	1.438115e+00
2.652274e+03	1.445099e+00
2.662883e+03	1.439654e+00
2.673534e+03	1.374184e+00
2.684229e+03	1.355248e+00
2.694965e+03	1.308460e+00
2.705745e+03	1.295105e+00
2.716568e+03	1.256008e+00
2.727435e+03	1.219417e+00
2.738344e+03	1.199747e+00
2.749298e+03	1.193886e+00
2.760295e+03	1.186372e+00
2.771336e+03	1.151939e+00
2.782421e+03	1.134475e+00
2.793551e+03	1.141647e+00
2.804725e+03	1.094532e+00
2.815944e+03	1.072320e+00
2.827208e+03	1.099105e+00
2.838517e+03	1.049104e+00
2.849871e+03	1.035113e+00
2.861270e+03	1.056752e+00
2.872715e+03	1.017230e+00
2.884206e+03	1.014793e+00
2.895743e+03	1.015209e+00
2.907326e+03	9.701670e-01
2.918955e+03	9.802642e-01
2.930631e+03	9.618638e-01
2.942354e+03	9.315723e-01
2.954123e+03	9.429614e-01
2.965940e+03	9.159545e-01
2.977803e+03	9.237359e-01
2.989715e+03	8.979381e-01
3.001673e+03	8.949150e-01
3.013680e+03	8.926501e-01
3.025735e+03	8.508748e-01
3.037838e+03	8.858450e-01
3.049989e+03	8.441304e-01
3.062189e+03	8.608656e-01
3.074438e+03	8.380010e-01
3.086736e+03	8.272398e-01
3.099083e+03	8.341325e-01
3.111479e+03	8.092964e-01
3.123925e+03	8.159990e-01
3.136421e+03	8.034182e-01
3.148966e+03	7.982225e-01
3.161562e+03	7.942663e-01
3.174208e+03	7.775975e-01
3.186905e+03	7.904455e-01
3.199653e+03	7.586005e-01
3.212451e+03	7.828579e-01
3.225301e+03	7.646694e-01
3.238202e+03	7.585968e-01
3.251155e+03	7.570783e-01
3.264160e+03	7.505481e-01
3.277216e+03	7.439358e-01
3.290325e+03	7.385294e-01
3.303487e+03	7.384067e-01
3.316701e+03	7.261495e-01
3.329967e+03	7.338838e-01
3.343287e+03	7.139866e-01
3.356660e+03	7.157718e-01
3.370087e+03	7.107294e-01
3.383567e+03	7.014645e-01
3.397102e+03	7.001260e-01
3.410690e+03	6.889675e-01
3.424333e+03	6.884267e-01
3.438030e+03	6.816036e-01
3.451782e+03	6.754522e-01
3.465589e+03	6.712909e-01
3.479452e+03	6.643214e-01
3.493370e+03	6.535106e-01
3.507343e+03	6.568201e-01
3.521372e+03	6.415526e-01
3.535458e+03	6.397809e-01
3.549600e+03	6.338158e-01
3.563798e+03	6.261144e-01
3.578053e+03	6.208360e-01
3.592366e+03	6.155114e-01
3.606735e+03	6.085570e-01
3.621162e+03	6.013998e-01
3.635647e+03	5.954762e-01
3.650189e+03	5.900447e-01
3.664790e+03	5.835985e-01
3.679449e+03	5.759861e-01
3.694167e+03	5.702794e-01
3.708944e+03	5.668832e-01
3.723779e+03	5.601181e-01
3.738674e+03	5.514685e-01
3.753629e+03	5.494403e-01
3.768644e+03	5.404312e-01
3.783718e+03	5.373783e-01
3.798853e+03	5.298790e-01
3.814049e+03	5.241983e-01
3.829305e+03	5.143008e-01
3.844622e+03	5.109471e-01
3.860000e+03	5.059559e-01
3.875440e+03	4.980001e-01
3.890942e+03	4.911651e-01
3.906506e+03	4.853720e-01
3.922132e+03	4.794075e-01
3.937821e+03	4.723712e-01
3.953572e+03	4.642576e-01
3.969386e+03	4.580614e-01
3.985264e+03	4.481537e-01
4.001205e+03	4.431479e-01
4.017209e+03	4.377505e-01
4.033278e+03	4.288137e-01
4.049411e+03	4.204436e-01
4.065609e+03	4.150321e-01
4.081872e+03	4.035200e-01
4.098199e+03	4.015423e-01
4.114592e+03	3.942270e-01
4.131050e+03	3.881130e-01
4.147574e+03	3.849564e-01
4.164165e+03	3.746331e-01
4.180821e+03	3.719110e-01
4.197545e+03	3.672609e-01
4.214335e+03	3.593339e-01
4.231192e+03	3.595086e-01
4.248117e+03	3.476590e-01
4.265109e+03	3.440339e-01
4.282170e+03	3.414596e-01
4.299298e+03	3.199408e-01
4.316496e+03	3.152567e-01
4.333762e+03	3.086316e-01
4.351097e+03	2.979388e-01
4.368501e+03	2.879500e-01
4.385975e+03	2.819650e-01
4.403519e+03	2.749491e-01
4.421133e+03	2.682882e-01
4.438818e+03	2.614483e-01
4.456573e+03	2.580672e-01
4.474399e+03	2.495872e-01
4.492297e+03	2.473606e-01
4.510266e+03	2.449671e-01
4.528307e+03	2.381027e-01
4.546420e+03	2.362748e-01
4.564606e+03	2.306871e-01
4.582864e+03	2.305554e-01
4.601196e+03	2.263510e-01
4.619601e+03	2.256571e-01
4.638079e+03	2.218301e-01
4.656631e+03	2.233961e-01
4.675258e+03	2.171981e-01
4.693959e+03	2.167235e-01
4.712735e+03	2.128878e-01
4.731586e+03	2.124060e-01
4.750512e+03	2.081644e-01
4.769514e+03	2.030566e-01
4.788592e+03	2.005052e-01
4.807746e+03	1.986678e-01
4.826977e+03	1.964973e-01
4.846285e+03	1.932946e-01
4.865670e+03	1.906764e-01
4.885133e+03	1.868423e-01
4.904674e+03	1.835096e-01
4.924292e+03	1.811411e-01
4.943990e+03	1.781033e-01
4.963766e+03	1.723851e-01
4.983621e+03	1.756807e-01
5.003555e+03	1.685416e-01
5.023569e+03	1.644766e-01
5.043664e+03	1.666614e-01
5.063838e+03	1.630438e-01
5.084094e+03	1.583500e-01
5.104430e+03	1.587247e-01
5.124848e+03	1.554319e-01
5.145347e+03	1.557537e-01
5.165928e+03	1.488818e-01
5.186592e+03	1.517639e-01
5.207339e+03	1.457902e-01
5.228168e+03	1.467161e-01
5.249081e+03	1.416498e-01
5.270077e+03	1.424952e-01
5.291157e+03	1.386681e-01
5.312322e+03	1.390218e-01
5.333571e+03	1.372509e-01
5.354905e+03	1.344956e-01
5.376325e+03	1.329412e-01
5.397830e+03	1.325602e-01
5.419422e+03	1.271861e-01
5.441099e+03	1.292153e-01
5.462864e+03	1.258230e-01
5.484715e+03	1.248990e-01
5.506654e+03	1.238844e-01
5.528681e+03	1.211661e-01
5.550795e+03	1.192966e-01
5.572999e+03	1.176179e-01
5.595291e+03	1.184607e-01
5.617672e+03	1.153004e-01
5.640142e+03	1.147578e-01
5.662703e+03	1.129262e-01
5.685354e+03	1.097396e-01
5.708095e+03	1.097297e-01
5.730928e+03	1.066076e-01
5.753851e+03	1.084200e-01
5.776867e+03	1.051853e-01
5.799974e+03	1.053091e-01
5.823174e+03	1.015296e-01
5.846467e+03	1.006356e-01
5.869853e+03	1.004915e-01
5.893332e+03	9.857623e-02
5.916905e+03	9.885365e-02
5.940573e+03	9.597511e-02
5.964335e+03	9.545021e-02
5.988193e+03	9.439138e-02
6.012145e+03	9.423276e-02
6.036194e+03	9.053324e-02
6.060339e+03	9.107132e-02
6.084580e+03	9.104603e-02
6.108918e+03	8.763880e-02
6.133354e+03	8.943311e-02
6.157888e+03	8.744170e-02
6.182519e+03	8.528321e-02
6.207249e+03	8.500357e-02
6.232078e+03	8.412798e-02
6.257006e+03	8.223010e-02
6.282034e+03	8.132494e-02
6.307163e+03	8.021522e-02
6.332391e+03	7.911148e-02
6.357721e+03	7.743939e-02
6.383152e+03	7.555440e-02
6.408684e+03	7.349967e-02
6.434319e+03	7.285002e-02
6.460056e+03	6.883465e-02
6.485897e+03	6.555829e-02
6.511840e+03	6.529174e-02
6.537887e+03	6.347262e-02
6.564039e+03	6.142531e-02
6.590295e+03	5.975395e-02
6.616656e+03	5.924267e-02
6.643123e+03	5.767077e-02
6.669695e+03	5.709636e-02
6.696374e+03	5.596972e-02
6.723160e+03	5.590468e-02
6.750052e+03	5.535797e-02
6.777053e+03	5.289495e-02
6.804161e+03	5.294335e-02
6.831377e+03	5.173699e-02
6.858703e+03	5.216322e-02
6.886138e+03	5.120987e-02
6.913682e+03	5.001397e-02
6.941337e+03	4.958147e-02
6.969102e+03	4.918897e-02
6.996979e+03	4.878200e-02
7.024967e+03	4.785962e-02
7.053067e+03	4.722199e-02
7.081279e+03	4.639023e-02
7.109604e+03	4.516004e-02
7.138042e+03	4.547161e-02
7.166595e+03	4.507076e-02
7.195261e+03	4.406507e-02
7.224042e+03	4.321928e-02
7.252938e+03	4.268056e-02
7.281950e+03	4.250011e-02
7.311078e+03	4.196944e-02
7.340322e+03	4.089821e-02
7.369683e+03	4.024033e-02
7.399162e+03	4.067754e-02
7.428759e+03	3.893801e-02
7.458474e+03	3.927046e-02
7.488308e+03	3.862017e-02
7.518261e+03	3.776752e-02
7.548334e+03	3.786737e-02
7.578527e+03	3.647272e-02
7.608841e+03	3.539788e-02
7.639277e+03	3.574123e-02
7.669834e+03	3.477450e-02
7.700513e+03	3.482344e-02
7.731315e+03	3.392184e-02
7.762240e+03	3.323237e-02
7.793289e+03	3.298052e-02
7.824463e+03	3.302566e-02
7.855760e+03	3.222789e-02
7.887183e+03	3.085339e-02
7.918732e+03	3.120171e-02
7.950407e+03	3.057199e-02
7.982209e+03	2.958118e-02
8.014138e+03	2.995719e-02
8.046194e+03	2.889147e-02
8.078379e+03	2.864662e-02
8.110692e+03	2.786651e-02
8.143135e+03	2.778475e-02
8.175708e+03	2.760852e-02
8.208411e+03	2.664051e-02
8.241244e+03	2.681935e-02
8.274209e+03	2.581441e-02
8.307306e+03	2.591389e-02
8.340535e+03	2.523811e-02
8.373897e+03	2.456068e-02
8.407393e+03	2.502659e-02
8.441023e+03	2.411838e-02
8.474787e+03	2.423754e-02
8.508686e+03	2.350626e-02
8.542721e+03	2.344400e-02
8.576891e+03	2.292766e-02
8.611199e+03	2.292278e-02
8.645644e+03	2.273323e-02
8.680226e+03	2.221040e-02
8.714947e+03	2.201516e-02
8.749807e+03	2.123307e-02
8.784806e+03	2.142182e-02
8.819946e+03	2.102206e-02
8.855225e+03	2.060280e-02
8.890646e+03	2.076147e-02
8.926209e+03	2.047077e-02
8.961914e+03	1.980853e-02
8.997761e+03	1.984025e-02
9.033752e+03	1.960962e-02
9.069887e+03	1.936164e-02
9.106167e+03	1.895322e-02
9.142592e+03	1.884688e-02
9.179162e+03	1.857798e-02
9.215879e+03	1.826282e-02
9.252742e+03	1.782731e-02
9.289753e+03	1.777806e-02
9.326912e+03	1.740756e-02
9.364220e+03	1.753361e-02
9.401677e+03	1.689181e-02
9.439283e+03	1.664536e-02
9.477040e+03	1.655833e-02
9.514949e+03	1.630412e-02
9.553008e+03	1.629259e-02
9.591220e+03	1.576051e-02
9.629585e+03	1.553603e-02
9.668104e+03	1.534938e-02
9.706776e+03	1.512206e-02
9.745603e+03	1.502907e-02
9.784586e+03	1.487012e-02
9.823724e+03	1.452915e-02
9.863019e+03	1.433187e-02
9.902471e+03	1.360110e-02
9.942081e+03	1.387303e-02
9.981849e+03	1.356752e-02
1.002178e+04	1.347765e-02
1.006186e+04	1.311785e-02
1.010211e+04	1.280070e-02
1.014252e+04	1.277672e-02
1.018309e+04	1.264953e-02
1.022382e+04	1.231640e-02
1.026472e+04	1.212781e-02
1.030578e+04	1.190381e-02
1.034700e+04	1.172305e-02
1.038839e+04	1.149975e-02
1.042994e+04	1.133301e-02
1.047166e+04	1.111142e-02
1.051355e+04	1.099457e-02
1.055560e+04	1.075219e-02
1.059782e+04	1.056997e-02
1.064022e+04	1.054138e-02
1.068278e+04	1.038641e-02
1.072551e+04	9.994986e-03
1.076841e+04	9.894817e-03
1.081148e+04	9.789363e-03
1.085473e+04	9.924260e-03
1.089815e+04	9.292769e-03
1.094174e+04	9.371661e-03
1.098551e+04	8.991998e-03
1.102945e+04	8.943674e-03
1.107357e+04	8.854779e-03
1.111786e+04	8.674688e-03
1.116233e+04	8.571324e-03
1.120698e+04	8.343455e-03
1.125181e+04	8.313319e-03
1.129682e+04	8.123834e-03
1.134200e+04	8.043881e-03
1.138737e+04	7.934337e-03
1.143292e+04	7.727836e-03
1.147865e+04	7.685817e-03
1.152457e+04	7.468631e-03
1.157067e+04	7.337253e-03
1.161695e+04	7.214953e-03
1.166342e+04	7.235131e-03
1.171007e+04	7.004804e-03
1.175691e+04	6.771589e-03
1.180394e+04	6.787401e-03
1.185115e+04	6.633855e-03
1.189856e+04	6.613699e-03
1.194615e+04	6.527882e-03
1.199394e+04	6.417026e-03
1.204191e+04	6.331409e-03
1.209008e+04	6.161439e-03
1.213844e+04	6.047481e-03
1.218700e+04	6.057145e-03
1.223574e+04	5.900964e-03
1.228469e+04	5.940617e-03
1.233382e+04	5.674068e-03
1.238316e+04	5.675798e-03
1.243269e+04	5.392274e-03
1.248242e+04	5.509233e-03
1.253235e+04	5.311185e-03
1.258248e+04	5.326565e-03
1.263281e+04	5.229895e-03
1.268334e+04	5.104315e-03
1.273408e+04	5.180104e-03
1.278501e+04	4.899801e-03
1.283615e+04	4.818274e-03
1.288750e+04	4.896225e-03
1.293905e+04	4.660605e-03
1.299080e+04	4.704132e-03
1.304277e+04	4.563212e-03
1.309494e+04	4.551417e-03
1.314732e+04	4.452641e-03
1.319991e+04	4.370645e-03
1.325271e+04	4.274214e-03
1.330572e+04	4.203670e-03
1.335894e+04	4.145858e-03
1.341238e+04	4.161495e-03
1.346603e+04	3.989213e-03
1.351989e+04	4.029863e-03
1.357397e+04	3.910217e-03
1.362827e+04	3.857606e-03
1.368278e+04	3.813480e-03
1.373751e+04	3.678963e-03
1.379246e+04	3.730184e-03
1.384763e+04	3.573563e-03
1.390302e+04	3.655327e-03
1.395863e+04	3.549245e-03
1.401447e+04	3.443340e-03
1.407052e+04	3.508568e-03
1.412681e+04	3.305010e-03
1.418331e+04	3.230960e-03
1.424005e+04	3.271781e-03
1.429701e+04	3.250382e-03
1.435420e+04	3.132476e-03
1.441161e+04	3.110653e-03
1.446926e+04	2.999866e-03
1.452714e+04	3.039945e-03
1.458524e+04	2.971648e-03
1.464359e+04	2.885634e-03
1.470216e+04	2.833834e-03
1.476097e+04	2.893068e-03
1.482001e+04	2.802508e-03
1.487929e+04	2.714370e-03
1.493881e+04	2.699510e-03
1.499856e+04	2.649044e-03
1.505856e+04	2.629621e-03
1.511879e+04	2.564859e-03
1.517927e+04	2.536468e-03
1.523999e+04	2.526879e-03
1.530095e+04	2.458545e-03
1.536215e+04	2.403014e-03
1.542360e+04	2.365725e-03
1.548529e+04	2.357778e-03
1.554723e+04	2.285329e-03
1.560942e+04	2.303524e-03
1.567186e+04	2.248386e-03
1.573455e+04	2.195988e-03
1.579749e+04	2.194609e-03
1.586068e+04	2.141238e-03
1.592412e+04	2.141384e-03
1.598781e+04	2.032263e-03
1.605177e+04	2.039887e-03
1.611597e+04	1.982631e-03
1.618044e+04	1.975074e-03
1.624516e+04	1.919310e-03
1.631014e+04	1.947135e-03
1.637538e+04	1.928406e-03
1.644088e+04	1.887817e-03
1.650665e+04	1.818103e-03
1.657267e+04	1.786237e-03
1.663896e+04	1.737482e-03
1.670552e+04	1.760638e-03
1.677234e+04	1.764107e-03
1.683943e+04	1.700000e-03
1.690679e+04	1.669470e-03
1.697441e+04	1.653788e-03
1.704231e+04	1.679840e-03
1.711048e+04	1.560619e-03
1.717892e+04	1.587297e-03
1.724764e+04	1.522007e-03
1.731663e+04	1.503146e-03
1.738590e+04	1.485369e-03
1.745544e+04	1.497785e-03
1.752526e+04	1.464271e-03
1.759536e+04	1.419771e-03
1.766574e+04	1.393631e-03
1.773641e+04	1.380687e-03
1.780735e+04	1.376396e-03
1.787858e+04	1.376122e-03
1.795010e+04	1.318819e-03
1.802190e+04	1.324727e-03
1.809398e+04	1.294631e-03
1.816636e+04	1.222090e-03
1.823903e+04	1.263967e-03
1.831198e+04	1.248941e-03
1.838523e+04	1.213651e-03
1.845877e+04	1.200161e-03
1.853261e+04	1.145865e-03
1.860674e+04	1.120800e-03
1.868116e+04	1.133143e-03
1.875589e+04	1.112315e-03
1.883091e+04	1.123088e-03
1.890623e+04	1.085265e-03
1.898186e+04	1.057013e-03
1.905779e+04	1.072717e-03
1.913402e+04	1.063693e-03
1.921055e+04	9.940070e-04
1.928740e+04	1.012849e-03
1.936455e+04	1.001682e-03
1.944200e+04	9.483747e-04
1.951977e+04	9.899419e-04
1.959785e+04	9.321082e-04
1.967624e+04	9.277954e-04
1.991080e+04	8.932404e-04
